0 5 5 0
1 5 5 0
2 5 5 0
3 5 5 0
4 5 5 0
5 5 5 0
6 5 5 0
7 5 5 0
8 5 5 0
9 5 5 0
10 5 5 0
11 5 5 0
12 5 5 0
13 5 5 0
14 5 5 0
15 5 5 0
16 5 5 0
17 5 5 0
18 5 5 0
19 5 5 0
20 5 5 0
21 5 5 0
22 5 5 0
23 5 5 0
24 5 5 0
25 5 5 0
26 5 5 0
27 5 5 0
28 5 5 0
29 5 5 0
30 5 5 0
31 5 5 0
32 5 5 0
33 5 5 0
34 5 5 0
35 5 5 0
36 5 5 0
37 5 5 0
38 5 5 0
39 5 5 0
40 5 5 0
41 5 5 0
42 5 5 0
43 5 5 0
44 5 5 0
45 5 5 0
46 5 5 0
47 5 5 0
48 0 0 -nan
49 2.49496 2.49496 -1.77995e-16
50 3.47815 3.47815 0
51 3.93781 3.93781 -1.12776e-16
52 4.18706 4.18706 0
53 4.33857 4.33857 0
54 4.18706 4.18706 0
55 4.33857 4.33857 0
56 4.43856 4.43856 0
57 4.50845 4.50845 0
58 4.55929 4.55929 0
59 4.59725 4.59725 0
60 4.55929 4.55929 0
61 4.59725 4.59725 0
62 4.62605 4.62605 0
63 4.64802 4.64802 -1.91088e-16
64 4.66468 4.66468 -1.90405e-16
65 4.67706 4.67706 0
66 4.66468 4.66468 -1.90405e-16
67 4.67706 4.67706 0
68 4.68584 4.68584 0
69 4.69147 4.69147 0
70 4.69422 4.69422 1.89207e-16
71 4.69422 4.69422 0
72 4.69422 4.69422 1.89207e-16
73 4.69422 4.69422 0
74 4.69147 4.69147 1.89318e-16
75 4.68584 4.68584 0
76 4.67706 4.67706 0
77 4.66468 4.66468 0
78 4.67706 4.67706 0
79 4.66468 4.66468 0
80 4.64802 4.64802 0
81 4.62605 4.62605 0
82 4.59726 4.59726 0
83 4.55929 4.55929 1.94806e-16
84 4.59726 4.59726 0
85 4.55929 4.55929 1.94806e-16
86 4.50846 4.50846 0
87 4.43856 4.43856 2.00105e-16
88 4.33858 4.33858 0
89 4.18707 4.18707 2.12124e-16
90 4.33858 4.33858 0
91 4.18707 4.18707 2.12124e-16
92 3.93781 3.93781 0
93 3.47815 3.47815 -1.2768e-16
94 2.49496 2.49496 -1.77995e-16
95 0 0 -nan
96 0 0 -nan
97 1.50168 1.50168 0
98 2.47983 2.47983 0
99 3.08603 3.08603 0
100 3.47187 3.47187 -2.55821e-16
101 3.72867 3.72867 -1.19101e-16
102 3.47187 3.47187 -2.55821e-16
103 3.72867 3.72867 -1.19101e-16
104 3.90721 3.90721 0
105 4.03597 4.03597 0
106 4.13145 4.13145 0
107 4.20367 4.20367 0
108 4.13145 4.13145 0
109 4.20367 4.20367 0
110 4.25893 4.25893 0
111 4.30134 4.30134 -4.12978e-16
112 4.33364 4.33364 -2.0495e-16
113 4.35772 4.35772 -2.03817e-16
114 4.33364 4.33364 -2.0495e-16
115 4.35772 4.35772 -2.03817e-16
116 4.37483 4.37483 -2.0302e-16
117 4.38582 4.38582 2.02511e-16
118 4.39119 4.39119 2.02264e-16
119 4.39119 4.39119 2.02264e-16
120 4.39119 4.39119 2.02264e-16
121 4.39119 4.39119 2.02264e-16
122 4.38582 4.38582 0
123 4.37484 4.37484 2.0302e-16
124 4.35773 4.35773 2.03817e-16
125 4.33365 4.33365 0
126 4.35773 4.35773 2.03817e-16
127 4.33365 4.33365 0
128 4.30134 4.30134 0
129 4.25894 4.25894 -2.08545e-16
130 4.20368 4.20368 2.11286e-16
131 4.13146 4.13146 0
132 4.20368 4.20368 2.11286e-16
133 4.13146 4.13146 0
134 4.03598 4.03598 0
135 3.90722 3.90722 1.13659e-16
136 3.72867 3.72867 0
137 3.47188 3.47188 2.55821e-16
138 3.72867 3.72867 0
139 3.47188 3.47188 2.55821e-16
140 3.08604 3.08604 1.43903e-16
141 2.47983 2.47983 0
142 1.50168 1.50168 1.47864e-16
143 0 0 -nan
144 0 0 -nan
145 1.03193 1.03193 -2.15174e-16
146 1.85346 1.85346 0
147 2.45462 2.45462 0
148 2.88571 2.88571 1.53892e-16
149 3.19702 3.19702 1.38907e-16
150 2.88571 2.88571 1.53892e-16
151 3.19702 3.19702 1.38907e-16
152 3.42566 3.42566 1.29636e-16
153 3.59676 3.59676 0
154 3.72689 3.72689 0
155 3.82706 3.82706 0
156 3.72689 3.72689 0
157 3.82706 3.82706 0
158 3.90466 3.90466 1.13733e-16
159 3.96476 3.96476 -3.36027e-16
160 4.01085 4.01085 -2.21444e-16
161 4.04535 4.04535 -2.19555e-16
162 4.01085 4.01085 -2.21444e-16
163 4.04535 4.04535 -2.19555e-16
164 4.06996 4.06996 0
165 4.08579 4.08579 0
166 4.09354 4.09354 0
167 4.09354 4.09354 0
168 4.09354 4.09354 0
169 4.09354 4.09354 0
170 4.08579 4.08579 2.17382e-16
171 4.06996 4.06996 2.18228e-16
172 4.04536 4.04536 2.19555e-16
173 4.01085 4.01085 0
174 4.04536 4.04536 2.19555e-16
175 4.01085 4.01085 0
176 3.96477 3.96477 1.12009e-16
177 3.90468 3.90468 0
178 3.82707 3.82707 2.32078e-16
179 3.7269 3.7269 1.19158e-16
180 3.82707 3.82707 2.32078e-16
181 3.7269 3.7269 1.19158e-16
182 3.59677 3.59677 1.23469e-16
183 3.42567 3.42567 1.29636e-16
184 3.19703 3.19703 1.38907e-16
185 2.88572 2.88572 1.53892e-16
186 3.19703 3.19703 1.38907e-16
187 2.88572 2.88572 1.53892e-16
188 2.45463 2.45463 0
189 1.85346 1.85346 0
190 1.03193 1.03193 2.15173e-16
191 0 0 -nan
192 0 0 -nan
193 0.772589 0.772589 1.43702e-16
194 1.44745 1.44745 1.53404e-16
195 1.99329 1.99329 2.22792e-16
196 2.41936 2.41936 0
197 2.74802 2.74802 3.23206e-16
198 2.41936 2.41936 0
199 2.74802 2.74802 3.23206e-16
200 3.00167 3.00167 0
201 3.19851 3.19851 1.38843e-16
202 3.35228 3.35228 1.32474e-16
203 3.47301 3.47301 1.27869e-16
204 3.35228 3.35228 1.32474e-16
205 3.47301 3.47301 1.27869e-16
206 3.56791 3.56791 -1.24467e-16
207 3.64221 3.64221 -2.43857e-16
208 3.69964 3.69964 -1.20036e-16
209 3.74289 3.74289 -1.18649e-16
210 3.69964 3.69964 -1.20036e-16
211 3.74289 3.74289 -1.18649e-16
212 3.77386 3.77386 -1.17675e-16
213 3.79385 3.79385 0
214 3.80365 3.80365 0
215 3.80365 3.80365 1.16753e-16
216 3.80365 3.80365 0
217 3.80365 3.80365 1.16753e-16
218 3.79385 3.79385 2.3411e-16
219 3.77387 3.77387 2.35349e-16
220 3.7429 3.7429 1.18648e-16
221 3.69965 3.69965 0
222 3.7429 3.7429 1.18648e-16
223 3.69965 3.69965 0
224 3.64222 3.64222 1.21928e-16
225 3.56793 3.56793 0
226 3.47303 3.47303 1.27868e-16
227 3.3523 3.3523 -1.32473e-16
228 3.47303 3.47303 1.27868e-16
229 3.3523 3.3523 -1.32473e-16
230 3.19853 3.19853 1.38842e-16
231 3.00168 3.00168 1.47947e-16
232 2.74804 2.74804 0
233 2.41937 2.41937 0
234 2.74804 2.74804 0
235 2.41937 2.41937 0
236 1.9933 1.9933 0
237 1.44746 1.44746 0
238 0.772593 0.772593 1.43701e-16
239 0 0 -nan
240 0 0 -nan
241 0.610978 0.610978 1.81712e-16
242 1.17046 1.17046 1.89707e-16
243 1.65173 1.65173 1.34431e-16
244 2.0504 2.0504 2.16587e-16
245 2.37407 0 -1
246 2.0504 0 -1
247 2.37407 2.37407 0
248 2.63448 2.63448 0
249 2.84334 2.84334 3.12372e-16
250 3.01074 3.01074 0
251 3.14478 0 -1
252 3.01074 0 -1
253 3.14479 3.14479 1.41214e-16
254 3.25179 3.25179 0
255 3.33653 3.33653 1.33099e-16
256 3.40261 3.40261 0
257 3.45271 0 -1
258 3.40261 0 -1
259 3.45271 3.45271 -1.2862e-16
260 3.48876 3.48876 1.27291e-16
261 3.5121 3.5121 1.26445e-16
262 3.52357 3.52357 1.26034e-16
263 3.52356 0 -1
264 3.52357 0 -1
265 3.52357 3.52357 2.52068e-16
266 3.51211 3.51211 0
267 3.48877 3.48877 0
268 3.45273 3.45273 0
269 3.40262 0 -1
270 3.45273 0 -1
271 3.40262 3.40262 1.30514e-16
272 3.33654 3.33654 1.33099e-16
273 3.25181 3.25181 2.73134e-16
274 3.14481 3.14481 -1.41213e-16
275 3.01076 0 -1
276 3.14481 0 -1
277 3.01076 3.01076 0
278 2.84336 2.84336 3.12369e-16
279 2.6345 2.6345 0
280 2.37409 2.37409 -1.87057e-16
281 2.05041 0 -1
282 2.37409 0 -1
283 2.05041 2.05041 0
284 1.65174 1.65174 0
285 1.17047 1.17047 0
286 0.610984 0.610984 0
287 0 0 -nan
288 0 0 -nan
289 0.772589 0.772589 1.43702e-16
290 1.44745 1.44745 1.53404e-16
291 1.99329 1.99329 2.22792e-16
292 2.41936 2.41936 0
293 2.74802 0 -1
294 2.41936 0 -1
295 2.74802 2.74802 3.23206e-16
296 3.00167 3.00167 0
297 3.19851 3.19851 1.38843e-16
298 3.35228 3.35228 1.32474e-16
299 3.47301 0 -1
300 3.35228 0 -1
301 3.47301 3.47301 1.27869e-16
302 3.56791 3.56791 -1.24467e-16
303 3.64221 3.64221 -2.43857e-16
304 3.69964 3.69964 -1.20036e-16
305 3.74288 0 -1
306 3.69964 0 -1
307 3.74289 3.74289 -1.18649e-16
308 3.77386 3.77386 -1.17675e-16
309 3.79385 3.79385 0
310 3.80365 3.80365 0
311 3.80365 0 -1
312 3.80365 0 -1
313 3.80365 3.80365 1.16753e-16
314 3.79385 3.79385 2.3411e-16
315 3.77387 3.77387 2.35349e-16
316 3.7429 3.7429 1.18648e-16
317 3.69964 0 -1
318 3.7429 0 -1
319 3.69965 3.69965 0
320 3.64222 3.64222 1.21928e-16
321 3.56793 3.56793 0
322 3.47303 3.47303 1.27868e-16
323 3.3523 0 -1
324 3.47303 0 -1
325 3.3523 3.3523 -1.32473e-16
326 3.19853 3.19853 1.38842e-16
327 3.00168 3.00168 1.47947e-16
328 2.74804 2.74804 0
329 2.41937 0 -1
330 2.74804 0 -1
331 2.41937 2.41937 0
332 1.9933 1.9933 0
333 1.44746 1.44746 0
334 0.772593 0.772593 1.43701e-16
335 0 0 -nan
336 0 0 -nan
337 0.610978 0.610978 1.81712e-16
338 1.17046 1.17046 1.89707e-16
339 1.65173 1.65173 1.34431e-16
340 2.0504 2.0504 2.16587e-16
341 2.37407 2.37407 0
342 2.0504 2.0504 2.16587e-16
343 2.37407 2.37407 0
344 2.63448 2.63448 0
345 2.84334 2.84334 3.12372e-16
346 3.01074 3.01074 0
347 3.14479 3.14479 1.41214e-16
348 3.01074 3.01074 0
349 3.14479 3.14479 1.41214e-16
350 3.25179 3.25179 0
351 3.33653 3.33653 1.33099e-16
352 3.40261 3.40261 0
353 3.45271 3.45271 -1.2862e-16
354 3.40261 3.40261 0
355 3.45271 3.45271 -1.2862e-16
356 3.48876 3.48876 1.27291e-16
357 3.5121 3.5121 1.26445e-16
358 3.52357 3.52357 1.26034e-16
359 3.52357 3.52357 2.52068e-16
360 3.52357 3.52357 1.26034e-16
361 3.52357 3.52357 2.52068e-16
362 3.51211 3.51211 0
363 3.48877 3.48877 0
364 3.45273 3.45273 0
365 3.40262 3.40262 1.30514e-16
366 3.45273 3.45273 0
367 3.40262 3.40262 1.30514e-16
368 3.33654 3.33654 1.33099e-16
369 3.25181 3.25181 2.73134e-16
370 3.14481 3.14481 -1.41213e-16
371 3.01076 3.01076 0
372 3.14481 3.14481 -1.41213e-16
373 3.01076 3.01076 0
374 2.84336 2.84336 3.12369e-16
375 2.6345 2.6345 0
376 2.37409 2.37409 -1.87057e-16
377 2.05041 2.05041 0
378 2.37409 2.37409 -1.87057e-16
379 2.05041 2.05041 0
380 1.65174 1.65174 0
381 1.17047 1.17047 0
382 0.610984 0.610984 0
383 0 0 -nan
384 0 0 -nan
385 0.500866 0.500866 2.2166e-16
386 0.971683 0.971683 1.14258e-16
387 1.39279 1.39279 0
388 1.75643 1.75643 0
389 2.06338 2.06338 0
390 1.75643 1.75643 0
391 2.06338 2.06338 0
392 2.31884 2.31884 0
393 2.52964 2.52964 0
394 2.70256 2.70256 1.64322e-16
395 2.84363 2.84363 0
396 2.70256 2.70256 1.64322e-16
397 2.84363 2.84363 0
398 2.95793 2.95793 0
399 3.04951 3.04951 -1.45626e-16
400 3.12158 3.12158 -1.42264e-16
401 3.1766 3.1766 0
402 3.12158 3.12158 -1.42264e-16
403 3.1766 3.1766 0
404 3.21639 3.21639 1.3807e-16
405 3.24224 3.24224 2.73939e-16
406 3.25497 3.25497 1.36434e-16
407 3.25497 3.25497 1.36434e-16
408 3.25497 3.25497 1.36434e-16
409 3.25497 3.25497 1.36434e-16
410 3.24225 3.24225 1.3697e-16
411 3.21641 3.21641 0
412 3.17662 3.17662 0
413 3.1216 3.1216 0
414 3.17662 3.17662 0
415 3.1216 3.1216 0
416 3.04953 3.04953 0
417 2.95795 2.95795 0
418 2.84366 2.84366 1.56168e-16
419 2.70258 2.70258 -1.6432e-16
420 2.84366 2.84366 1.56168e-16
421 2.70258 2.70258 -1.6432e-16
422 2.52966 2.52966 0
423 2.31887 2.31887 0
424 2.0634 2.0634 0
425 1.75645 1.75645 -1.26417e-16
426 2.0634 2.0634 0
427 1.75645 1.75645 -1.26417e-16
428 1.3928 1.3928 0
429 0.971694 0.971694 -2.28513e-16
430 0.500873 0.500873 0
431 0 0 -nan
432 0 0 -nan
433 0.420806 0.420806 1.31916e-16
434 0.822623 0.822623 0
435 1.1913 1.1913 -1.86389e-16
436 1.51918 1.51918 0
437 1.80418 1.80418 1.23072e-16
438 1.51918 1.51918 0
439 1.80418 1.80418 1.23072e-16
440 2.04789 2.04789 -2.16852e-16
441 2.25383 2.25383 -1.97038e-16
442 2.42622 2.42622 0
443 2.56928 2.56928 0
444 2.42622 2.42622 0
445 2.56928 2.56928 0
446 2.68679 2.68679 0
447 2.78201 2.78201 -1.59629e-16
448 2.85762 2.85762 0
449 2.91573 2.91573 0
450 2.85762 2.85762 0
451 2.91573 2.91573 0
452 2.95798 2.95798 0
453 2.98552 2.98552 2.97496e-16
454 2.9991 2.9991 1.48074e-16
455 2.9991 2.9991 0
456 2.9991 2.9991 1.48074e-16
457 2.9991 2.9991 0
458 2.98552 2.98552 0
459 2.95799 2.95799 0
460 2.91575 2.91575 1.52307e-16
461 2.85764 2.85764 -1.55404e-16
462 2.91575 2.91575 1.52307e-16
463 2.85764 2.85764 -1.55404e-16
464 2.78204 2.78204 -3.19255e-16
465 2.68682 2.68682 -1.65285e-16
466 2.5693 2.5693 0
467 2.42625 2.42625 1.83035e-16
468 2.5693 2.5693 0
469 2.42625 2.42625 1.83035e-16
470 2.25385 2.25385 0
471 2.04792 2.04792 0
472 1.80421 1.80421 0
473 1.5192 1.5192 -1.46159e-16
474 1.80421 1.80421 0
475 1.5192 1.5192 -1.46159e-16
476 1.19132 1.19132 0
477 0.822636 0.822636 0
478 0.420814 0.420814 -1.31914e-16
479 0 0 -nan
480 0 0 -nan
481 0.359738 0.359738 0
482 0.706708 0.706708 0
483 1.03061 1.03061 0
484 1.32482 1.32482 0
485 1.58628 1.58628 1.39978e-16
486 1.32482 1.32482 0
487 1.58628 1.58628 1.39978e-16
488 1.81471 1.81471 0
489 2.01157 2.01157 0
490 2.17924 2.17924 0
491 2.32047 2.32047 0
492 2.17924 2.17924 0
493 2.32047 2.32047 0
494 2.43795 2.43795 0
495 2.53415 2.53415 -1.75242e-16
496 2.61117 2.61117 0
497 2.67075 2.67075 0
498 2.61117 2.61117 0
499 2.67075 2.67075 0
500 2.71429 2.71429 0
501 2.74276 2.74276 1.61913e-16
502 2.75683 2.75683 1.61087e-16
503 2.75683 2.75683 0
504 2.75683 2.75683 1.61087e-16
505 2.75683 2.75683 0
506 2.74277 2.74277 0
507 2.7143 2.7143 -1.63611e-16
508 2.67077 2.67077 0
509 2.61119 2.61119 -1.70072e-16
510 2.67077 2.67077 0
511 2.61119 2.61119 -1.70072e-16
512 2.53417 2.53417 -1.7524e-16
513 2.43798 2.43798 -1.82154e-16
514 2.3205 2.3205 -1.91376e-16
515 2.17927 2.17927 0
516 2.3205 2.3205 -1.91376e-16
517 2.17927 2.17927 0
518 2.0116 2.0116 0
519 1.81474 1.81474 0
520 1.58631 1.58631 1.39975e-16
521 1.32484 1.32484 -1.67601e-16
522 1.58631 1.58631 1.39975e-16
523 1.32484 1.32484 -1.67601e-16
524 1.03063 1.03063 0
525 0.706722 0.706722 0
526 0.359746 0.359746 -1.54306e-16
527 0 0 -nan
528 0 0 -nan
529 0.311441 0.311441 -3.56479e-16
530 0.613866 0.613866 -1.80858e-16
531 0.899614 0.899614 0
532 1.1632 1.1632 0
533 1.40143 0 -1
534 1.1632 0 -1
535 1.40143 1.40143 1.58441e-16
536 1.61312 1.61312 0
537 1.79849 1.79849 0
538 1.95872 1.95872 1.13362e-16
539 2.09542 0 -1
540 1.95872 0 -1
541 2.09542 2.09542 0
542 2.21042 2.21042 0
543 2.30547 2.30547 0
544 2.38215 2.38215 0
545 2.44184 0 -1
546 2.38215 0 -1
547 2.44185 2.44185 0
548 2.48566 2.48566 0
549 2.51442 2.51442 1.76617e-16
550 2.52866 2.52866 1.75623e-16
551 2.52865 0 -1
552 2.52866 0 -1
553 2.52866 2.52866 0
554 2.51442 2.51442 1.76617e-16
555 2.48568 2.48568 0
556 2.44187 2.44187 0
557 2.38217 0 -1
558 2.44187 0 -1
559 2.38218 2.38218 -1.86422e-16
560 2.30549 2.30549 -3.85244e-16
561 2.21045 2.21045 -4.01808e-16
562 2.09546 2.09546 0
563 1.95874 0 -1
564 2.09546 0 -1
565 1.95875 1.95875 0
566 1.79853 1.79853 -2.46918e-16
567 1.61315 1.61315 0
568 1.40146 1.40146 0
569 1.16322 0 -1
570 1.40146 0 -1
571 1.16322 1.16322 0
572 0.899636 0.899636 0
573 0.613882 0.613882 1.80853e-16
574 0.31145 0.31145 0
575 0 0 -nan
576 0 0 -nan
577 0.359738 0.359738 0
578 0.706708 0.706708 0
579 1.03061 1.03061 0
580 1.32482 1.32482 0
581 1.58628 0 -1
582 1.32482 0 -1
583 1.58628 1.58628 1.39978e-16
584 1.81471 1.81471 0
585 2.01157 2.01157 0
586 2.17924 2.17924 0
587 2.32046 0 -1
588 2.17924 0 -1
589 2.32047 2.32047 0
590 2.43795 2.43795 0
591 2.53415 2.53415 -1.75242e-16
592 2.61117 2.61117 0
593 2.67075 0 -1
594 2.61117 0 -1
595 2.67075 2.67075 0
596 2.71429 2.71429 0
597 2.74276 2.74276 1.61913e-16
598 2.75683 2.75683 1.61087e-16
599 2.75683 0 -1
600 2.75683 0 -1
601 2.75683 2.75683 0
602 2.74277 2.74277 0
603 2.7143 2.7143 -1.63611e-16
604 2.67077 2.67077 0
605 2.61118 0 -1
606 2.67077 0 -1
607 2.61119 2.61119 -1.70072e-16
608 2.53417 2.53417 -1.7524e-16
609 2.43798 2.43798 -1.82154e-16
610 2.3205 2.3205 -1.91376e-16
611 2.17927 0 -1
612 2.3205 0 -1
613 2.17927 2.17927 0
614 2.0116 2.0116 0
615 1.81474 1.81474 0
616 1.58631 1.58631 1.39975e-16
617 1.32484 0 -1
618 1.58631 0 -1
619 1.32484 1.32484 -1.67601e-16
620 1.03063 1.03063 0
621 0.706722 0.706722 0
622 0.359746 0.359746 -1.54306e-16
623 0 0 -nan
624 0 0 -nan
625 0.311441 0.311441 -3.56479e-16
626 0.613866 0.613866 -1.80858e-16
627 0.899614 0.899614 0
628 1.1632 1.1632 0
629 1.40143 1.40143 1.58441e-16
630 1.1632 1.1632 0
631 1.40143 1.40143 1.58441e-16
632 1.61312 1.61312 0
633 1.79849 1.79849 0
634 1.95872 1.95872 1.13362e-16
635 2.09542 2.09542 0
636 1.95872 1.95872 1.13362e-16
637 2.09542 2.09542 0
638 2.21042 2.21042 0
639 2.30547 2.30547 0
640 2.38215 2.38215 0
641 2.44185 2.44185 0
642 2.38215 2.38215 0
643 2.44185 2.44185 0
644 2.48566 2.48566 0
645 2.51442 2.51442 1.76617e-16
646 2.52866 2.52866 1.75623e-16
647 2.52866 2.52866 0
648 2.52866 2.52866 1.75623e-16
649 2.52866 2.52866 0
650 2.51442 2.51442 1.76617e-16
651 2.48568 2.48568 0
652 2.44187 2.44187 0
653 2.38218 2.38218 -1.86422e-16
654 2.44187 2.44187 0
655 2.38218 2.38218 -1.86422e-16
656 2.30549 2.30549 -3.85244e-16
657 2.21045 2.21045 -4.01808e-16
658 2.09546 2.09546 0
659 1.95875 1.95875 0
660 2.09546 2.09546 0
661 1.95875 1.95875 0
662 1.79853 1.79853 -2.46918e-16
663 1.61315 1.61315 0
664 1.40146 1.40146 0
665 1.16322 1.16322 0
666 1.40146 1.40146 0
667 1.16322 1.16322 0
668 0.899636 0.899636 0
669 0.613882 0.613882 1.80853e-16
670 0.31145 0.31145 0
671 0 0 -nan
672 0 0 -nan
673 0.272164 0.272164 -4.07924e-16
674 0.537706 0.537706 -2.06474e-16
675 0.790795 0.790795 0
676 1.02694 1.02694 0
677 1.24314 1.24314 0
678 1.02694 1.02694 0
679 1.24314 1.24314 0
680 1.43785 1.43785 0
681 1.61059 1.61059 0
682 1.76173 1.76173 0
683 1.89211 1.89211 0
684 1.76173 1.76173 0
685 1.89211 1.89211 0
686 2.00286 2.00286 0
687 2.09516 2.09516 0
688 2.17016 2.17016 0
689 2.22886 2.22886 -1.99245e-16
690 2.17016 2.17016 0
691 2.22886 2.22886 -1.99245e-16
692 2.27213 2.27213 -1.95451e-16
693 2.30061 2.30061 0
694 2.31474 2.31474 0
695 2.31474 2.31474 -1.91853e-16
696 2.31474 2.31474 0
697 2.31474 2.31474 -1.91853e-16
698 2.30062 2.30062 1.93031e-16
699 2.27214 2.27214 1.95449e-16
700 2.22888 2.22888 -1.99243e-16
701 2.17018 2.17018 0
702 2.22888 2.22888 -1.99243e-16
703 2.17018 2.17018 0
704 2.09519 2.09519 0
705 2.0029 2.0029 -2.21723e-16
706 1.89215 1.89215 0
707 1.76176 1.76176 -1.26036e-16
708 1.89215 1.89215 0
709 1.76176 1.76176 -1.26036e-16
710 1.61062 1.61062 -1.37862e-16
711 1.43788 1.43788 0
712 1.24318 1.24318 0
713 1.02696 1.02696 0
714 1.24318 1.24318 0
715 1.02696 1.02696 0
716 0.790818 0.790818 0
717 0.537723 0.537723 0
718 0.272174 0.272174 0
719 0 0 -nan
720 0 0 -nan
721 0.239512 0.239512 -2.31767e-16
722 0.474001 0.474001 -1.17112e-16
723 0.69893 0.69893 -1.58846e-16
724 0.910613 0.910613 -1.2192e-16
725 1.10637 1.10637 0
726 0.910613 0.910613 -1.2192e-16
727 1.10637 1.10637 0
728 1.28454 1.28454 1.72859e-16
729 1.4443 1.4443 1.53739e-16
730 1.5855 1.5855 0
731 1.70845 1.70845 0
732 1.5855 1.5855 0
733 1.70845 1.70845 0
734 1.81377 1.81377 -1.22421e-16
735 1.90219 1.90219 0
736 1.97446 1.97446 0
737 2.03132 2.03132 -2.18621e-16
738 1.97446 1.97446 0
739 2.03132 2.03132 -2.18621e-16
740 2.0734 2.0734 -2.14184e-16
741 2.10117 2.10117 0
742 2.11497 2.11497 0
743 2.11497 2.11497 -2.09974e-16
744 2.11497 2.11497 0
745 2.11497 2.11497 -2.09974e-16
746 2.10118 2.10118 0
747 2.07341 2.07341 0
748 2.03135 2.03135 -2.18618e-16
749 1.97449 1.97449 0
750 2.03135 2.03135 -2.18618e-16
751 1.97449 1.97449 0
752 1.90222 1.90222 0
753 1.81381 1.81381 -1.22419e-16
754 1.70849 1.70849 0
755 1.58553 1.58553 -2.80088e-16
756 1.70849 1.70849 0
757 1.58553 1.58553 -2.80088e-16
758 1.44434 1.44434 -1.53735e-16
759 1.28458 1.28458 0
760 1.10641 1.10641 2.00689e-16
761 0.910642 0.910642 1.21917e-16
762 1.10641 1.10641 2.00689e-16
763 0.910642 0.910642 1.21917e-16
764 0.698955 0.698955 0
765 0.474019 0.474019 0
766 0.239522 0.239522 0
767 0 0 -nan
768 0 0 -nan
769 0.211887 0.211887 -1.30992e-16
770 0.41986 0.41986 0
771 0.620319 0.620319 1.78976e-16
772 0.810219 0.810219 -1.37028e-16
773 0.987211 0.987211 0
774 0.810219 0.810219 -1.37028e-16
775 0.987211 0.987211 0
776 1.14966 1.14966 0
777 1.29658 1.29658 1.71254e-16
778 1.42753 1.42753 -1.55545e-16
779 1.54245 1.54245 0
780 1.42753 1.42753 -1.55545e-16
781 1.54245 1.54245 0
782 1.6416 1.6416 0
783 1.72536 1.72536 1.28695e-16
784 1.7942 1.7942 0
785 1.8486 1.8486 0
786 1.7942 1.7942 0
787 1.8486 1.8486 0
788 1.88899 1.88899 0
789 1.91571 1.91571 0
790 1.92901 1.92901 0
791 1.92901 1.92901 -1.15108e-16
792 1.92901 1.92901 0
793 1.92901 1.92901 -1.15108e-16
794 1.91572 1.91572 -1.15906e-16
795 1.88901 1.88901 1.17546e-16
796 1.84862 1.84862 -2.40227e-16
797 1.79422 1.79422 0
798 1.84862 1.84862 -2.40227e-16
799 1.79422 1.79422 0
800 1.72539 1.72539 0
801 1.64164 1.64164 0
802 1.5425 1.5425 0
803 1.42757 1.42757 -3.11081e-16
804 1.5425 1.5425 0
805 1.42757 1.42757 -3.11081e-16
806 1.29662 1.29662 -1.71248e-16
807 1.1497 1.1497 0
808 0.987248 0.987248 2.24913e-16
809 0.810249 0.810249 1.37022e-16
810 0.987248 0.987248 2.24913e-16
811 0.810249 0.810249 1.37022e-16
812 0.620344 0.620344 1.78969e-16
813 0.419879 0.419879 1.32207e-16
814 0.211897 0.211897 1.30986e-16
815 0 0 -nan
816 0 0 -nan
817 0.188179 0.188179 1.47496e-16
818 0.373239 0.373239 1.48728e-16
819 0.552271 0.552271 -2.01029e-16
820 0.722742 0.722742 0
821 0.882597 0 -1
822 0.722742 0 -1
823 0.882601 0.882601 -2.5158e-16
824 1.03032 1.03032 0
825 1.16485 1.16485 0
826 1.28559 1.28559 0
827 1.39225 0 -1
828 1.28559 0 -1
829 1.39225 1.39225 -1.59486e-16
830 1.48483 1.48483 0
831 1.56347 1.56347 -1.42021e-16
832 1.6284 1.6284 1.36358e-16
833 1.6799 0 -1
834 1.6284 0 -1
835 1.67991 1.67991 0
836 1.71827 1.71827 1.29226e-16
837 1.7437 1.7437 0
838 1.75638 1.75638 0
839 1.75637 0 -1
840 1.75638 0 -1
841 1.75638 1.75638 0
842 1.74371 1.74371 0
843 1.71829 1.71829 -1.29224e-16
844 1.67993 1.67993 0
845 1.62842 0 -1
846 1.67993 0 -1
847 1.62842 1.62842 0
848 1.5635 1.5635 -1.42018e-16
849 1.48487 1.48487 0
850 1.3923 1.3923 1.59481e-16
851 1.28562 0 -1
852 1.3923 0 -1
853 1.28563 1.28563 0
854 1.1649 1.1649 0
855 1.03036 1.03036 0
856 0.88264 0.88264 -1.25784e-16
857 0.72277 0 -1
858 0.88264 0 -1
859 0.722773 0.722773 0
860 0.552297 0.552297 0
861 0.373259 0.373259 0
862 0.188189 0.188189 0
863 0 0 -nan
864 0 0 -nan
865 0.211887 0.211887 -1.30992e-16
866 0.41986 0.41986 0
867 0.620319 0.620319 1.78976e-16
868 0.810219 0.810219 -1.37028e-16
869 0.987206 0 -1
870 0.810219 0 -1
871 0.987211 0.987211 0
872 1.14966 1.14966 0
873 1.29658 1.29658 1.71254e-16
874 1.42753 1.42753 -1.55545e-16
875 1.54245 0 -1
876 1.42753 0 -1
877 1.54245 1.54245 0
878 1.6416 1.6416 0
879 1.72536 1.72536 1.28695e-16
880 1.7942 1.7942 0
881 1.84859 0 -1
882 1.7942 0 -1
883 1.8486 1.8486 0
884 1.88899 1.88899 0
885 1.91571 1.91571 0
886 1.92901 1.92901 0
887 1.92901 0 -1
888 1.92901 0 -1
889 1.92901 1.92901 -1.15108e-16
890 1.91572 1.91572 -1.15906e-16
891 1.88901 1.88901 1.17546e-16
892 1.84862 1.84862 -2.40227e-16
893 1.79422 0 -1
894 1.84862 0 -1
895 1.79422 1.79422 0
896 1.72539 1.72539 0
897 1.64164 1.64164 0
898 1.5425 1.5425 0
899 1.42756 0 -1
900 1.5425 0 -1
901 1.42757 1.42757 -3.11081e-16
902 1.29662 1.29662 -1.71248e-16
903 1.1497 1.1497 0
904 0.987248 0.987248 2.24913e-16
905 0.810246 0 -1
906 0.987248 0 -1
907 0.810249 0.810249 1.37022e-16
908 0.620344 0.620344 1.78969e-16
909 0.419879 0.419879 1.32207e-16
910 0.211897 0.211897 1.30986e-16
911 0 0 -nan
912 0 0 -nan
913 0.188179 0.188179 1.47496e-16
914 0.373239 0.373239 1.48728e-16
915 0.552271 0.552271 -2.01029e-16
916 0.722742 0.722742 0
917 0.882601 0.882601 -2.5158e-16
918 0.722742 0.722742 0
919 0.882601 0.882601 -2.5158e-16
920 1.03032 1.03032 0
921 1.16485 1.16485 0
922 1.28559 1.28559 0
923 1.39225 1.39225 -1.59486e-16
924 1.28559 1.28559 0
925 1.39225 1.39225 -1.59486e-16
926 1.48483 1.48483 0
927 1.56347 1.56347 -1.42021e-16
928 1.6284 1.6284 1.36358e-16
929 1.67991 1.67991 0
930 1.6284 1.6284 1.36358e-16
931 1.67991 1.67991 0
932 1.71827 1.71827 1.29226e-16
933 1.7437 1.7437 0
934 1.75638 1.75638 0
935 1.75638 1.75638 0
936 1.75638 1.75638 0
937 1.75638 1.75638 0
938 1.74371 1.74371 0
939 1.71829 1.71829 -1.29224e-16
940 1.67993 1.67993 0
941 1.62842 1.62842 0
942 1.67993 1.67993 0
943 1.62842 1.62842 0
944 1.5635 1.5635 -1.42018e-16
945 1.48487 1.48487 0
946 1.3923 1.3923 1.59481e-16
947 1.28563 1.28563 0
948 1.3923 1.3923 1.59481e-16
949 1.28563 1.28563 0
950 1.1649 1.1649 0
951 1.03036 1.03036 0
952 0.88264 0.88264 -1.25784e-16
953 0.722773 0.722773 0
954 0.88264 0.88264 -1.25784e-16
955 0.722773 0.722773 0
956 0.552297 0.552297 0
957 0.373259 0.373259 0
958 0.188189 0.188189 0
959 0 0 -nan
960 0 0 -nan
961 0.167592 0.167592 0
962 0.332653 0.332653 1.66874e-16
963 0.492793 0.492793 0
964 0.645887 0.645887 0
965 0.79015 0.79015 0
966 0.645887 0.645887 0
967 0.79015 0.79015 0
968 0.924181 0.924181 -1.2013e-16
969 1.04694 1.04694 0
970 1.15774 1.15774 0
971 1.25617 1.25617 0
972 1.15774 1.15774 0
973 1.25617 1.25617 0
974 1.34203 1.34203 0
975 1.4153 1.4153 0
976 1.47605 1.47605 0
977 1.52439 1.52439 1.45661e-16
978 1.47605 1.47605 0
979 1.52439 1.52439 1.45661e-16
980 1.5605 1.5605 2.84582e-16
981 1.58448 1.58448 0
982 1.59645 1.59645 0
983 1.59645 1.59645 0
984 1.59645 1.59645 0
985 1.59645 1.59645 0
986 1.58449 1.58449 -2.80272e-16
987 1.56052 1.56052 -2.84578e-16
988 1.52442 1.52442 0
989 1.47607 1.47607 -1.50429e-16
990 1.52442 1.52442 0
991 1.47607 1.47607 -1.50429e-16
992 1.41534 1.41534 0
993 1.34207 1.34207 0
994 1.25621 1.25621 0
995 1.15778 1.15778 0
996 1.25621 1.25621 0
997 1.15778 1.15778 0
998 1.04699 1.04699 0
999 0.924223 0.924223 0
1000 0.79019 0.79019 0
1001 0.645919 0.645919 0
1002 0.79019 0.79019 0
1003 0.645919 0.645919 0
1004 0.49282 0.49282 0
1005 0.332673 0.332673 -1.66864e-16
1006 0.167603 0.167603 0
1007 0 0 -nan
1008 0 0 -nan
1009 0.149539 0.149539 -1.85607e-16
1010 0.296991 0.296991 1.86912e-16
1011 0.440369 0.440369 0
1012 0.577871 0.577871 0
1013 0.707945 0.707945 -3.13647e-16
1014 0.577871 0.577871 0
1015 0.707945 0.707945 -3.13647e-16
1016 0.829322 0.829322 -1.33871e-16
1017 0.941009 0.941009 0
1018 1.04229 1.04229 0
1019 1.13266 1.13266 0
1020 1.04229 1.04229 0
1021 1.13266 1.13266 0
1022 1.21185 1.21185 0
1023 1.27968 1.27968 -1.73516e-16
1024 1.33611 1.33611 0
1025 1.38115 1.38115 1.60767e-16
1026 1.33611 1.33611 0
1027 1.38115 1.38115 1.60767e-16
1028 1.41487 1.41487 3.13873e-16
1029 1.4373 1.4373 0
1030 1.44851 1.44851 -1.53292e-16
1031 1.44851 1.44851 0
1032 1.44851 1.44851 -1.53292e-16
1033 1.44851 1.44851 0
1034 1.43731 1.43731 -1.54486e-16
1035 1.41489 1.41489 0
1036 1.38118 1.38118 -1.60764e-16
1037 1.33614 1.33614 1.66184e-16
1038 1.38118 1.38118 -1.60764e-16
1039 1.33614 1.33614 1.66184e-16
1040 1.27971 1.27971 0
1041 1.21189 1.21189 -1.83222e-16
1042 1.13271 1.13271 0
1043 1.04233 1.04233 0
1044 1.13271 1.13271 0
1045 1.04233 1.04233 0
1046 0.941051 0.941051 0
1047 0.829364 0.829364 2.67729e-16
1048 0.707985 0.707985 0
1049 0.577904 0.577904 0
1050 0.707985 0.707985 0
1051 0.577904 0.577904 0
1052 0.440397 0.440397 0
1053 0.297012 0.297012 0
1054 0.14955 0.14955 0
1055 0 0 -nan
1056 0 0 -nan
1057 0.133576 0.133576 0
1058 0.265409 0.265409 0
1059 0.393827 0.393827 -2.81906e-16
1060 0.517292 0.517292 -2.14622e-16
1061 0.634451 0.634451 0
1062 0.517292 0.517292 -2.14622e-16
1063 0.634451 0.634451 0
1064 0.744163 0.744163 -2.98382e-16
1065 0.845498 0.845498 -1.3131e-16
1066 0.937744 0.937744 -2.36786e-16
1067 1.02037 1.02037 0
1068 0.937744 0.937744 -2.36786e-16
1069 1.02037 1.02037 0
1070 1.09303 1.09303 0
1071 1.15548 1.15548 0
1072 1.20758 1.20758 0
1073 1.24927 1.24927 0
1074 1.20758 1.20758 0
1075 1.24927 1.24927 0
1076 1.28054 1.28054 0
1077 1.30137 1.30137 -1.70624e-16
1078 1.31179 1.31179 -1.69269e-16
1079 1.31179 1.31179 0
1080 1.31179 1.31179 -1.69269e-16
1081 1.31179 1.31179 0
1082 1.30138 1.30138 0
1083 1.28056 1.28056 -1.73397e-16
1084 1.2493 1.2493 0
1085 1.20761 1.20761 0
1086 1.2493 1.2493 0
1087 1.20761 1.20761 0
1088 1.15551 1.15551 0
1089 1.09307 1.09307 -2.03138e-16
1090 1.02042 1.02042 -2.17602e-16
1091 0.937784 0.937784 0
1092 1.02042 1.02042 -2.17602e-16
1093 0.937784 0.937784 0
1094 0.845541 0.845541 0
1095 0.744205 0.744205 2.98365e-16
1096 0.634492 0.634492 1.74978e-16
1097 0.517325 0.517325 2.14608e-16
1098 0.634492 0.634492 1.74978e-16
1099 0.517325 0.517325 2.14608e-16
1100 0.393855 0.393855 1.40943e-16
1101 0.26543 0.26543 0
1102 0.133588 0.133588 -2.07771e-16
1103 0 0 -nan
1104 0 0 -nan
1105 0.11936 0.11936 -2.32537e-16
1106 0.237248 0.237248 -2.3398e-16
1107 0.352244 0.352244 -1.57593e-16
1108 0.463029 0.463029 0
1109 0.568413 0 -1
1110 0.463029 0 -1
1111 0.568418 0.568418 -5.85954e-16
1112 0.667391 0.667391 -4.99058e-16
1113 0.759091 0.759091 -2.92514e-16
1114 0.842831 0.842831 -1.31725e-16
1115 0.91807 0 -1
1116 0.842831 0 -1
1117 0.918078 0.918078 -1.20929e-16
1118 0.984444 0.984444 -1.12777e-16
1119 1.04164 1.04164 0
1120 1.08948 1.08948 0
1121 1.12783 0 -1
1122 1.08948 0 -1
1123 1.12784 1.12784 0
1124 1.15666 1.15666 1.91971e-16
1125 1.17588 1.17588 0
1126 1.1855 1.1855 0
1127 1.18549 0 -1
1128 1.1855 0 -1
1129 1.1855 1.1855 0
1130 1.17589 1.17589 0
1131 1.15667 1.15667 0
1132 1.12787 1.12787 0
1133 1.0895 0 -1
1134 1.12787 0 -1
1135 1.08951 1.08951 0
1136 1.04168 1.04168 0
1137 0.984484 0.984484 0
1138 0.918123 0.918123 -1.20923e-16
1139 0.842865 0 -1
1140 0.918123 0 -1
1141 0.842872 0.842872 1.31719e-16
1142 0.759134 0.759134 0
1143 0.667434 0.667434 0
1144 0.568459 0.568459 0
1145 0.463058 0 -1
1146 0.568459 0 -1
1147 0.463062 0.463062 2.39757e-16
1148 0.352272 0.352272 -1.5758e-16
1149 0.237268 0.237268 -2.33959e-16
1150 0.119371 0.119371 -1.16258e-16
1151 0 0 -nan
1152 0 0 -nan
1153 0.133576 0.133576 0
1154 0.265409 0.265409 0
1155 0.393827 0.393827 -2.81906e-16
1156 0.517292 0.517292 -2.14622e-16
1157 0.634446 0 -1
1158 0.517292 0 -1
1159 0.634451 0.634451 0
1160 0.744163 0.744163 -2.98382e-16
1161 0.845498 0.845498 -1.3131e-16
1162 0.937744 0.937744 -2.36786e-16
1163 1.02037 0 -1
1164 0.937744 0 -1
1165 1.02037 1.02037 0
1166 1.09303 1.09303 0
1167 1.15548 1.15548 0
1168 1.20758 1.20758 0
1169 1.24926 0 -1
1170 1.20758 0 -1
1171 1.24927 1.24927 0
1172 1.28054 1.28054 0
1173 1.30137 1.30137 -1.70624e-16
1174 1.31179 1.31179 -1.69269e-16
1175 1.31178 0 -1
1176 1.31179 0 -1
1177 1.31179 1.31179 0
1178 1.30138 1.30138 0
1179 1.28056 1.28056 -1.73397e-16
1180 1.2493 1.2493 0
1181 1.2076 0 -1
1182 1.2493 0 -1
1183 1.20761 1.20761 0
1184 1.15551 1.15551 0
1185 1.09307 1.09307 -2.03138e-16
1186 1.02042 1.02042 -2.17602e-16
1187 0.937778 0 -1
1188 1.02042 0 -1
1189 0.937784 0.937784 0
1190 0.845541 0.845541 0
1191 0.744205 0.744205 2.98365e-16
1192 0.634492 0.634492 1.74978e-16
1193 0.517322 0 -1
1194 0.634492 0 -1
1195 0.517325 0.517325 2.14608e-16
1196 0.393855 0.393855 1.40943e-16
1197 0.26543 0.26543 0
1198 0.133588 0.133588 -2.07771e-16
1199 0 0 -nan
1200 0 0 -nan
1201 0.11936 0.11936 -2.32537e-16
1202 0.237248 0.237248 -2.3398e-16
1203 0.352244 0.352244 -1.57593e-16
1204 0.463029 0.463029 0
1205 0.568418 0.568418 -5.85954e-16
1206 0.463029 0.463029 0
1207 0.568418 0.568418 -5.85954e-16
1208 0.667391 0.667391 -4.99058e-16
1209 0.759091 0.759091 -2.92514e-16
1210 0.842831 0.842831 -1.31725e-16
1211 0.918078 0.918078 -1.20929e-16
1212 0.842831 0.842831 -1.31725e-16
1213 0.918078 0.918078 -1.20929e-16
1214 0.984444 0.984444 -1.12777e-16
1215 1.04164 1.04164 0
1216 1.08948 1.08948 0
1217 1.12784 1.12784 0
1218 1.08948 1.08948 0
1219 1.12784 1.12784 0
1220 1.15666 1.15666 1.91971e-16
1221 1.17588 1.17588 0
1222 1.1855 1.1855 0
1223 1.1855 1.1855 0
1224 1.1855 1.1855 0
1225 1.1855 1.1855 0
1226 1.17589 1.17589 0
1227 1.15667 1.15667 0
1228 1.12787 1.12787 0
1229 1.08951 1.08951 0
1230 1.12787 1.12787 0
1231 1.08951 1.08951 0
1232 1.04168 1.04168 0
1233 0.984484 0.984484 0
1234 0.918123 0.918123 -1.20923e-16
1235 0.842872 0.842872 1.31719e-16
1236 0.918123 0.918123 -1.20923e-16
1237 0.842872 0.842872 1.31719e-16
1238 0.759134 0.759134 0
1239 0.667434 0.667434 0
1240 0.568459 0.568459 0
1241 0.463062 0.463062 2.39757e-16
1242 0.568459 0.568459 0
1243 0.463062 0.463062 2.39757e-16
1244 0.352272 0.352272 -1.5758e-16
1245 0.237268 0.237268 -2.33959e-16
1246 0.119371 0.119371 -1.16258e-16
1247 0 0 -nan
1248 0 0 -nan
1249 0.106619 0.106619 -2.60325e-16
1250 0.211985 0.211985 -1.30932e-16
1251 0.314883 0.314883 1.76292e-16
1252 0.414173 0.414173 0
1253 0.508819 0.508819 -2.18196e-16
1254 0.414173 0.414173 0
1255 0.508819 0.508819 -2.18196e-16
1256 0.597911 0.597911 -1.85684e-16
1257 0.680665 0.680665 -1.63109e-16
1258 0.756432 0.756432 -2.93542e-16
1259 0.824693 0.824693 -2.69245e-16
1260 0.756432 0.756432 -2.93542e-16
1261 0.824693 0.824693 -2.69245e-16
1262 0.88505 0.88505 -1.25442e-16
1263 0.937188 0.937188 1.18463e-16
1264 0.980886 0.980886 0
1265 1.01599 1.01599 2.18551e-16
1266 0.980886 0.980886 0
1267 1.01599 1.01599 2.18551e-16
1268 1.04239 1.04239 0
1269 1.06003 1.06003 -2.0947e-16
1270 1.06886 1.06886 0
1271 1.06886 1.06886 -2.0774e-16
1272 1.06886 1.06886 0
1273 1.06886 1.06886 -2.0774e-16
1274 1.06004 1.06004 0
1275 1.04241 1.04241 0
1276 1.01601 1.01601 0
1277 0.980912 0.980912 -2.26365e-16
1278 1.01601 1.01601 0
1279 0.980912 0.980912 -2.26365e-16
1280 0.937222 0.937222 0
1281 0.885089 0.885089 -1.25436e-16
1282 0.824737 0.824737 -2.69231e-16
1283 0.756472 0.756472 0
1284 0.824737 0.824737 -2.69231e-16
1285 0.756472 0.756472 0
1286 0.680707 0.680707 0
1287 0.597953 0.597953 0
1288 0.508859 0.508859 0
1289 0.414205 0.414205 1.34018e-16
1290 0.508859 0.508859 0
1291 0.414205 0.414205 1.34018e-16
1292 0.31491 0.31491 0
1293 0.212005 0.212005 -1.3092e-16
1294 0.10663 0.10663 -2.60298e-16
1295 0 0 -nan
1296 0 0 -nan
1297 0.095134 0.095134 -2.91752e-16
1298 0.189194 0.189194 -1.46704e-16
1299 0.281135 0.281135 0
1300 0.369969 0.369969 -1.50043e-16
1301 0.454788 0.454788 -2.44119e-16
1302 0.369969 0.369969 -1.50043e-16
1303 0.454788 0.454788 -2.44119e-16
1304 0.534781 0.534781 -4.15207e-16
1305 0.609237 0.609237 -3.64464e-16
1306 0.677554 0.677554 0
1307 0.739236 0.739236 -3.0037e-16
1308 0.677554 0.677554 0
1309 0.739236 0.739236 -3.0037e-16
1310 0.793889 0.793889 0
1311 0.841193 0.841193 1.31982e-16
1312 0.880908 0.880908 -1.26032e-16
1313 0.912856 0.912856 0
1314 0.880908 0.880908 -1.26032e-16
1315 0.912856 0.912856 0
1316 0.936921 0.936921 0
1317 0.953007 0.953007 0
1318 0.961063 0.961063 1.1552e-16
1319 0.961063 0.961063 1.1552e-16
1320 0.961063 0.961063 1.1552e-16
1321 0.961063 0.961063 1.1552e-16
1322 0.953016 0.953016 0
1323 0.936939 0.936939 -1.18495e-16
1324 0.912883 0.912883 -2.43234e-16
1325 0.880934 0.880934 -2.52056e-16
1326 0.912883 0.912883 -2.43234e-16
1327 0.880934 0.880934 -2.52056e-16
1328 0.841226 0.841226 -2.63954e-16
1329 0.793928 0.793928 0
1330 0.739279 0.739279 -3.00353e-16
1331 0.677594 0.677594 0
1332 0.739279 0.739279 -3.00353e-16
1333 0.677594 0.677594 0
1334 0.609278 0.609278 0
1335 0.534822 0.534822 0
1336 0.454827 0.454827 1.22049e-16
1337 0.370001 0.370001 0
1338 0.454827 0.454827 1.22049e-16
1339 0.370001 0.370001 0
1340 0.281162 0.281162 0
1341 0.189214 0.189214 0
1342 0.0951448 0.0951448 -1.4586e-16
1343 0 0 -nan
1344 0 0 -nan
1345 0.0847258 0.0847258 -1.63796e-16
1346 0.168527 0.168527 -3.2939e-16
1347 0.250501 0.250501 -2.216e-16
1348 0.329789 0.329789 -3.36646e-16
1349 0.405595 0.405595 -4.10591e-16
1350 0.329789 0.329789 -3.36646e-16
1351 0.405595 0.405595 -4.10591e-16
1352 0.477199 0.477199 -2.32654e-16
1353 0.54396 0.54396 -2.041e-16
1354 0.605326 0.605326 0
1355 0.66083 0.66083 -3.36009e-16
1356 0.605326 0.605326 0
1357 0.66083 0.66083 -3.36009e-16
1358 0.710095 0.710095 -1.56349e-16
1359 0.752804 0.752804 0
1360 0.788713 0.788713 -1.40764e-16
1361 0.817637 0.817637 0
1362 0.788713 0.788713 -1.40764e-16
1363 0.817637 0.817637 0
1364 0.839445 0.839445 1.32257e-16
1365 0.854034 0.854034 2.59995e-16
1366 0.861343 0.861343 1.28894e-16
1367 0.861343 0.861343 1.28894e-16
1368 0.861343 0.861343 1.28894e-16
1369 0.861343 0.861343 1.28894e-16
1370 0.854043 0.854043 0
1371 0.839463 0.839463 -1.32254e-16
1372 0.817663 0.817663 -2.7156e-16
1373 0.788739 0.788739 0
1374 0.817663 0.817663 -2.7156e-16
1375 0.788739 0.788739 0
1376 0.752836 0.752836 0
1377 0.710133 0.710133 0
1378 0.660872 0.660872 -1.67994e-16
1379 0.605364 0.605364 -1.83398e-16
1380 0.660872 0.660872 -1.67994e-16
1381 0.605364 0.605364 -1.83398e-16
1382 0.544 0.544 -2.04085e-16
1383 0.477239 0.477239 0
1384 0.405633 0.405633 0
1385 0.32982 0.32982 0
1386 0.405633 0.405633 0
1387 0.32982 0.32982 0
1388 0.250527 0.250527 0
1389 0.168546 0.168546 -1.64676e-16
1390 0.0847363 0.0847363 -3.27552e-16
1391 0 0 -nan
1392 0 0 -nan
1393 0.075245 0.075245 -1.84435e-16
1394 0.149692 0.149692 -3.70836e-16
1395 0.222559 0.222559 -1.24711e-16
1396 0.2931 0.2931 -1.89393e-16
1397 0.360612 0 -1
1398 0.2931 0 -1
1399 0.360616 0.360616 -3.07869e-16
1400 0.424471 0.424471 -1.30777e-16
1401 0.48409 0.48409 0
1402 0.538972 0.538972 -2.05989e-16
1403 0.588677 0 -1
1404 0.538972 0 -1
1405 0.588684 0.588684 -1.88594e-16
1406 0.632872 0.632872 -1.75426e-16
1407 0.671231 0.671231 -1.65401e-16
1408 0.703522 0.703522 0
1409 0.72955 0 -1
1410 0.703522 0 -1
1411 0.729558 0.729558 0
1412 0.749206 0.749206 -1.48187e-16
1413 0.762358 0.762358 0
1414 0.76895 0.76895 1.44382e-16
1415 0.768941 0 -1
1416 0.76895 0 -1
1417 0.76895 0.76895 1.44382e-16
1418 0.762367 0.762367 0
1419 0.749224 0.749224 -1.48183e-16
1420 0.729583 0.729583 0
1421 0.703538 0 -1
1422 0.729583 0 -1
1423 0.703546 0.703546 -1.57804e-16
1424 0.671262 0.671262 -1.65393e-16
1425 0.632908 0.632908 0
1426 0.588724 0.588724 0
1427 0.539002 0 -1
1428 0.588724 0 -1
1429 0.539008 0.539008 0
1430 0.484129 0.484129 0
1431 0.42451 0.42451 1.30765e-16
1432 0.360653 0.360653 3.07837e-16
1433 0.293126 0 -1
1434 0.360653 0 -1
1435 0.29313 0.29313 1.89374e-16
1436 0.222584 0.222584 1.24697e-16
1437 0.14971 0.14971 0
1438 0.0752551 0.0752551 0
1439 0 0 -nan
1440 0 0 -nan
1441 0.0847258 0.0847258 -1.63796e-16
1442 0.168527 0.168527 -3.2939e-16
1443 0.250501 0.250501 -2.216e-16
1444 0.329789 0.329789 -3.36646e-16
1445 0.40559 0 -1
1446 0.329789 0 -1
1447 0.405595 0.405595 -4.10591e-16
1448 0.477199 0.477199 -2.32654e-16
1449 0.54396 0.54396 -2.041e-16
1450 0.605326 0.605326 0
1451 0.660823 0 -1
1452 0.605326 0 -1
1453 0.66083 0.66083 -3.36009e-16
1454 0.710095 0.710095 -1.56349e-16
1455 0.752804 0.752804 0
1456 0.788713 0.788713 -1.40764e-16
1457 0.817628 0 -1
1458 0.788713 0 -1
1459 0.817637 0.817637 0
1460 0.839445 0.839445 1.32257e-16
1461 0.854034 0.854034 2.59995e-16
1462 0.861343 0.861343 1.28894e-16
1463 0.861334 0 -1
1464 0.861343 0 -1
1465 0.861343 0.861343 1.28894e-16
1466 0.854043 0.854043 0
1467 0.839463 0.839463 -1.32254e-16
1468 0.817663 0.817663 -2.7156e-16
1469 0.78873 0 -1
1470 0.817663 0 -1
1471 0.788739 0.788739 0
1472 0.752836 0.752836 0
1473 0.710133 0.710133 0
1474 0.660872 0.660872 -1.67994e-16
1475 0.605358 0 -1
1476 0.660872 0 -1
1477 0.605364 0.605364 -1.83398e-16
1478 0.544 0.544 -2.04085e-16
1479 0.477239 0.477239 0
1480 0.405633 0.405633 0
1481 0.329817 0 -1
1482 0.405633 0 -1
1483 0.32982 0.32982 0
1484 0.250527 0.250527 0
1485 0.168546 0.168546 -1.64676e-16
1486 0.0847363 0.0847363 -3.27552e-16
1487 0 0 -nan
1488 0 0 -nan
1489 0.075245 0.075245 -1.84435e-16
1490 0.149692 0.149692 -3.70836e-16
1491 0.222559 0.222559 -1.24711e-16
1492 0.2931 0.2931 -1.89393e-16
1493 0.360616 0.360616 -3.07869e-16
1494 0.2931 0.2931 -1.89393e-16
1495 0.360616 0.360616 -3.07869e-16
1496 0.424471 0.424471 -1.30777e-16
1497 0.48409 0.48409 0
1498 0.538972 0.538972 -2.05989e-16
1499 0.588684 0.588684 -1.88594e-16
1500 0.538972 0.538972 -2.05989e-16
1501 0.588684 0.588684 -1.88594e-16
1502 0.632872 0.632872 -1.75426e-16
1503 0.671231 0.671231 -1.65401e-16
1504 0.703522 0.703522 0
1505 0.729558 0.729558 0
1506 0.703522 0.703522 0
1507 0.729558 0.729558 0
1508 0.749206 0.749206 -1.48187e-16
1509 0.762358 0.762358 0
1510 0.76895 0.76895 1.44382e-16
1511 0.76895 0.76895 1.44382e-16
1512 0.76895 0.76895 1.44382e-16
1513 0.76895 0.76895 1.44382e-16
1514 0.762367 0.762367 0
1515 0.749224 0.749224 -1.48183e-16
1516 0.729583 0.729583 0
1517 0.703546 0.703546 -1.57804e-16
1518 0.729583 0.729583 0
1519 0.703546 0.703546 -1.57804e-16
1520 0.671262 0.671262 -1.65393e-16
1521 0.632908 0.632908 0
1522 0.588724 0.588724 0
1523 0.539008 0.539008 0
1524 0.588724 0.588724 0
1525 0.539008 0.539008 0
1526 0.484129 0.484129 0
1527 0.42451 0.42451 1.30765e-16
1528 0.360653 0.360653 3.07837e-16
1529 0.29313 0.29313 1.89374e-16
1530 0.360653 0.360653 3.07837e-16
1531 0.29313 0.29313 1.89374e-16
1532 0.222584 0.222584 1.24697e-16
1533 0.14971 0.14971 0
1534 0.0752551 0.0752551 0
1535 0 0 -nan
1536 0 0 -nan
1537 0.0665658 0.0665658 -2.08482e-16
1538 0.132442 0.132442 -2.09568e-16
1539 0.196952 0.196952 0
1540 0.259447 0.259447 0
1541 0.319314 0.319314 0
1542 0.259447 0.259447 0
1543 0.319314 0.319314 0
1544 0.375995 0.375995 0
1545 0.428976 0.428976 -1.29404e-16
1546 0.477806 0.477806 -1.16179e-16
1547 0.52209 0.52209 -2.1265e-16
1548 0.477806 0.477806 -1.16179e-16
1549 0.52209 0.52209 -2.1265e-16
1550 0.5615 0.5615 -1.97724e-16
1551 0.59575 0.59575 -3.72714e-16
1552 0.624611 0.624611 -3.55493e-16
1553 0.647901 0.647901 -1.71357e-16
1554 0.624611 0.624611 -3.55493e-16
1555 0.647901 0.647901 -1.71357e-16
1556 0.66549 0.66549 0
1557 0.67727 0.67727 0
1558 0.683176 0.683176 0
1559 0.683176 0.683176 0
1560 0.683176 0.683176 0
1561 0.683176 0.683176 0
1562 0.677278 0.677278 0
1563 0.665506 0.665506 0
1564 0.647925 0.647925 -1.71351e-16
1565 0.624634 0.624634 -3.5548e-16
1566 0.647925 0.647925 -1.71351e-16
1567 0.624634 0.624634 -3.5548e-16
1568 0.595779 0.595779 -1.86348e-16
1569 0.561535 0.561535 -1.97712e-16
1570 0.522128 0.522128 -2.12634e-16
1571 0.477841 0.477841 -2.32342e-16
1572 0.522128 0.522128 -2.12634e-16
1573 0.477841 0.477841 -2.32342e-16
1574 0.429013 0.429013 0
1575 0.376032 0.376032 0
1576 0.319349 0.319349 1.73826e-16
1577 0.259475 0.259475 -2.13937e-16
1578 0.319349 0.319349 1.73826e-16
1579 0.259475 0.259475 -2.13937e-16
1580 0.196976 0.196976 -1.40909e-16
1581 0.13246 0.13246 0
1582 0.0665754 0.0665754 0
1583 0 0 -nan
1584 0 0 -nan
1585 0.0585788 0.0585788 -2.36908e-16
1586 0.116562 0.116562 0
1587 0.173366 0.173366 0
1588 0.228427 0.228427 -1.21508e-16
1589 0.281212 0.281212 -1.974e-16
1590 0.228427 0.228427 -1.21508e-16
1591 0.281212 0.281212 -1.974e-16
1592 0.331229 0.331229 0
1593 0.378025 0.378025 -2.9369e-16
1594 0.421197 0.421197 -2.63588e-16
1595 0.46039 0.46039 -2.41149e-16
1596 0.421197 0.421197 -2.63588e-16
1597 0.46039 0.46039 -2.41149e-16
1598 0.495303 0.495303 -3.36225e-16
1599 0.525673 0.525673 -2.112e-16
1600 0.551285 0.551285 -4.02776e-16
1601 0.571969 0.571969 -1.94105e-16
1602 0.551285 0.551285 -4.02776e-16
1603 0.571969 0.571969 -1.94105e-16
1604 0.587599 0.587599 -1.88942e-16
1605 0.598072 0.598072 0
1606 0.603323 0.603323 0
1607 0.603323 0.603323 0
1608 0.603323 0.603323 0
1609 0.603323 0.603323 0
1610 0.598079 0.598079 -1.85631e-16
1611 0.587615 0.587615 0
1612 0.571992 0.571992 0
1613 0.551307 0.551307 -2.0138e-16
1614 0.571992 0.571992 0
1615 0.551307 0.551307 -2.0138e-16
1616 0.5257 0.5257 -2.1119e-16
1617 0.495335 0.495335 -1.12068e-16
1618 0.460425 0.460425 -2.4113e-16
1619 0.42123 0.42123 -3.95351e-16
1620 0.460425 0.460425 -2.4113e-16
1621 0.42123 0.42123 -3.95351e-16
1622 0.378059 0.378059 -2.93664e-16
1623 0.331263 0.331263 -1.67574e-16
1624 0.281244 0.281244 0
1625 0.228453 0.228453 -2.42987e-16
1626 0.281244 0.281244 0
1627 0.228453 0.228453 -2.42987e-16
1628 0.173388 0.173388 0
1629 0.116579 0.116579 0
1630 0.0585877 0.0585877 0
1631 0 0 -nan
1632 0 0 -nan
1633 0.0511891 0.0511891 -1.35554e-16
1634 0.101867 0.101867 0
1635 0.151529 0.151529 -1.8317e-16
1636 0.19969 0.19969 -2.77987e-16
1637 0.245887 0.245887 0
1638 0.19969 0.19969 -2.77987e-16
1639 0.245887 0.245887 0
1640 0.289693 0.289693 -1.91621e-16
1641 0.330709 0.330709 -3.3571e-16
1642 0.368579 0.368579 -1.50609e-16
1643 0.402986 0.402986 -2.75499e-16
1644 0.368579 0.368579 -1.50609e-16
1645 0.402986 0.402986 -2.75499e-16
1646 0.433662 0.433662 -2.56011e-16
1647 0.460366 0.460366 -1.2058e-16
1648 0.482902 0.482902 0
1649 0.501113 0.501113 -2.21551e-16
1650 0.482902 0.482902 0
1651 0.501113 0.501113 -2.21551e-16
1652 0.514881 0.514881 0
1653 0.524109 0.524109 0
1654 0.528738 0.528738 0
1655 0.528738 0.528738 2.09976e-16
1656 0.528738 0.528738 0
1657 0.528738 0.528738 2.09976e-16
1658 0.524116 0.524116 0
1659 0.514895 0.514895 0
1660 0.501134 0.501134 -2.21542e-16
1661 0.482922 0.482922 0
1662 0.501134 0.501134 -2.21542e-16
1663 0.482922 0.482922 0
1664 0.460391 0.460391 0
1665 0.433692 0.433692 -2.55994e-16
1666 0.40302 0.40302 0
1667 0.368609 0.368609 -1.50596e-16
1668 0.40302 0.40302 0
1669 0.368609 0.368609 -1.50596e-16
1670 0.33074 0.33074 -1.67839e-16
1671 0.289724 0.289724 0
1672 0.245917 0.245917 0
1673 0.199714 0.199714 0
1674 0.245917 0.245917 0
1675 0.199714 0.199714 0
1676 0.151549 0.151549 0
1677 0.101882 0.101882 0
1678 0.0511974 0.0511974 0
1679 0 0 -nan
1680 0 0 -nan
1681 0.0443131 0.0443131 0
1682 0.0881893 0.0881893 0
1683 0.131198 0.131198 0
1684 0.172922 0.172922 0
1685 0.212961 0 -1
1686 0.172922 0 -1
1687 0.212964 0.212964 -2.6066e-16
1688 0.250955 0.250955 -2.212e-16
1689 0.286548 0.286548 -1.93724e-16
1690 0.319433 0.319433 -1.7378e-16
1691 0.349326 0 -1
1692 0.319433 0 -1
1693 0.349332 0.349332 -1.58907e-16
1694 0.376005 0.376005 0
1695 0.399239 0.399239 -1.39042e-16
1696 0.418859 0.418859 -1.3253e-16
1697 0.434714 0 -1
1698 0.418859 0 -1
1699 0.43472 0.43472 -1.27694e-16
1700 0.446717 0.446717 -2.48529e-16
1701 0.45476 0.45476 0
1702 0.458795 0.458795 2.41987e-16
1703 0.458789 0 -1
1704 0.458795 0 -1
1705 0.458795 0.458795 1.20993e-16
1706 0.454767 0.454767 1.22065e-16
1707 0.44673 0.44673 1.24261e-16
1708 0.434739 0.434739 1.27688e-16
1709 0.418871 0 -1
1710 0.434739 0 -1
1711 0.418877 0.418877 0
1712 0.399262 0.399262 -2.78069e-16
1713 0.376032 0.376032 -2.95247e-16
1714 0.349362 0.349362 -1.58893e-16
1715 0.319456 0 -1
1716 0.349362 0 -1
1717 0.319461 0.319461 -3.4753e-16
1718 0.286577 0.286577 -1.93704e-16
1719 0.250983 0.250983 0
1720 0.212991 0.212991 0
1721 0.172941 0 -1
1722 0.212991 0 -1
1723 0.172944 0.172944 0
1724 0.131216 0.131216 0
1725 0.0882031 0.0882031 0
1726 0.0443207 0.0443207 1.56561e-16
1727 0 0 -nan
1728 0 0 -nan
1729 0.0511891 0.0511891 -1.35554e-16
1730 0.101867 0.101867 0
1731 0.151529 0.151529 -1.8317e-16
1732 0.19969 0.19969 -2.77987e-16
1733 0.245883 0 -1
1734 0.19969 0 -1
1735 0.245887 0.245887 0
1736 0.289693 0.289693 -1.91621e-16
1737 0.330709 0.330709 -3.3571e-16
1738 0.368579 0.368579 -1.50609e-16
1739 0.402981 0 -1
1740 0.368579 0 -1
1741 0.402986 0.402986 -2.75499e-16
1742 0.433662 0.433662 -2.56011e-16
1743 0.460366 0.460366 -1.2058e-16
1744 0.482902 0.482902 0
1745 0.501106 0 -1
1746 0.482902 0 -1
1747 0.501113 0.501113 -2.21551e-16
1748 0.514881 0.514881 0
1749 0.524109 0.524109 0
1750 0.528738 0.528738 0
1751 0.528731 0 -1
1752 0.528738 0 -1
1753 0.528738 0.528738 2.09976e-16
1754 0.524116 0.524116 0
1755 0.514895 0.514895 0
1756 0.501134 0.501134 -2.21542e-16
1757 0.482916 0 -1
1758 0.501134 0 -1
1759 0.482922 0.482922 0
1760 0.460391 0.460391 0
1761 0.433692 0.433692 -2.55994e-16
1762 0.40302 0.40302 0
1763 0.368604 0 -1
1764 0.40302 0 -1
1765 0.368609 0.368609 -1.50596e-16
1766 0.33074 0.33074 -1.67839e-16
1767 0.289724 0.289724 0
1768 0.245917 0.245917 0
1769 0.199711 0 -1
1770 0.245917 0 -1
1771 0.199714 0.199714 0
1772 0.151549 0.151549 0
1773 0.101882 0.101882 0
1774 0.0511974 0.0511974 0
1775 0 0 -nan
1776 0 0 -nan
1777 0.0443131 0.0443131 0
1778 0.0881893 0.0881893 0
1779 0.131198 0.131198 0
1780 0.172922 0.172922 0
1781 0.212964 0.212964 -2.6066e-16
1782 0.172922 0.172922 0
1783 0.212964 0.212964 -2.6066e-16
1784 0.250955 0.250955 -2.212e-16
1785 0.286548 0.286548 -1.93724e-16
1786 0.319433 0.319433 -1.7378e-16
1787 0.349332 0.349332 -1.58907e-16
1788 0.319433 0.319433 -1.7378e-16
1789 0.349332 0.349332 -1.58907e-16
1790 0.376005 0.376005 0
1791 0.399239 0.399239 -1.39042e-16
1792 0.418859 0.418859 -1.3253e-16
1793 0.43472 0.43472 -1.27694e-16
1794 0.418859 0.418859 -1.3253e-16
1795 0.43472 0.43472 -1.27694e-16
1796 0.446717 0.446717 -2.48529e-16
1797 0.45476 0.45476 0
1798 0.458795 0.458795 2.41987e-16
1799 0.458795 0.458795 1.20993e-16
1800 0.458795 0.458795 2.41987e-16
1801 0.458795 0.458795 1.20993e-16
1802 0.454767 0.454767 1.22065e-16
1803 0.44673 0.44673 1.24261e-16
1804 0.434739 0.434739 1.27688e-16
1805 0.418877 0.418877 0
1806 0.434739 0.434739 1.27688e-16
1807 0.418877 0.418877 0
1808 0.399262 0.399262 -2.78069e-16
1809 0.376032 0.376032 -2.95247e-16
1810 0.349362 0.349362 -1.58893e-16
1811 0.319461 0.319461 -3.4753e-16
1812 0.349362 0.349362 -1.58893e-16
1813 0.319461 0.319461 -3.4753e-16
1814 0.286577 0.286577 -1.93704e-16
1815 0.250983 0.250983 0
1816 0.212991 0.212991 0
1817 0.172944 0.172944 0
1818 0.212991 0.212991 0
1819 0.172944 0.172944 0
1820 0.131216 0.131216 0
1821 0.0882031 0.0882031 0
1822 0.0443207 0.0443207 1.56561e-16
1823 0 0 -nan
1824 0 0 -nan
1825 0.0378769 0.0378769 0
1826 0.0753842 0.0753842 -1.84094e-16
1827 0.112158 0.112158 -2.47469e-16
1828 0.147844 0.147844 -1.87736e-16
1829 0.182105 0.182105 -3.04831e-16
1830 0.147844 0.147844 -1.87736e-16
1831 0.182105 0.182105 -3.04831e-16
1832 0.214625 0.214625 -2.58642e-16
1833 0.245109 0.245109 -2.26475e-16
1834 0.273288 0.273288 -2.03123e-16
1835 0.298923 0.298923 -1.85704e-16
1836 0.273288 0.273288 -2.03123e-16
1837 0.298923 0.298923 -1.85704e-16
1838 0.321804 0.321804 0
1839 0.341745 0.341745 0
1840 0.358592 0.358592 0
1841 0.372217 0.372217 -2.98273e-16
1842 0.358592 0.358592 0
1843 0.372217 0.372217 -2.98273e-16
1844 0.382526 0.382526 -1.45117e-16
1845 0.389439 0.389439 0
1846 0.392908 0.392908 0
1847 0.392908 0.392908 0
1848 0.392908 0.392908 0
1849 0.392908 0.392908 0
1850 0.389445 0.389445 -1.42539e-16
1851 0.382537 0.382537 0
1852 0.372234 0.372234 -1.4913e-16
1853 0.358608 0.358608 1.54796e-16
1854 0.372234 0.372234 -1.4913e-16
1855 0.358608 0.358608 1.54796e-16
1856 0.341766 0.341766 -1.62425e-16
1857 0.321828 0.321828 -3.44974e-16
1858 0.29895 0.29895 -1.85687e-16
1859 0.273313 0.273313 -2.03105e-16
1860 0.29895 0.29895 -1.85687e-16
1861 0.273313 0.273313 -2.03105e-16
1862 0.245135 0.245135 -2.26451e-16
1863 0.214651 0.214651 -1.29306e-16
1864 0.182129 0.182129 0
1865 0.147864 0.147864 0
1866 0.182129 0.182129 0
1867 0.147864 0.147864 0
1868 0.112174 0.112174 2.47432e-16
1869 0.0753966 0.0753966 1.84064e-16
1870 0.0378836 0.0378836 3.66327e-16
1871 0 0 -nan
1872 0 0 -nan
1873 0.0318118 0.0318118 0
1874 0.0633159 0.0633159 0
1875 0.0942088 0.0942088 -2.94618e-16
1876 0.124196 0.124196 -2.23483e-16
1877 0.152994 0.152994 -3.62833e-16
1878 0.124196 0.124196 -2.23483e-16
1879 0.152994 0.152994 -3.62833e-16
1880 0.180339 0.180339 -3.07815e-16
1881 0.205982 0.205982 -2.69495e-16
1882 0.229697 0.229697 -1.20836e-16
1883 0.251279 0.251279 0
1884 0.229697 0.229697 -1.20836e-16
1885 0.251279 0.251279 0
1886 0.270552 0.270552 -2.05177e-16
1887 0.287356 0.287356 0
1888 0.301557 0.301557 0
1889 0.313046 0.313046 -1.77326e-16
1890 0.301557 0.301557 0
1891 0.313046 0.313046 -1.77326e-16
1892 0.321741 0.321741 0
1893 0.327574 0.327574 0
1894 0.3305 0.3305 0
1895 0.3305 0.3305 -1.67961e-16
1896 0.3305 0.3305 0
1897 0.3305 0.3305 -1.67961e-16
1898 0.327579 0.327579 -1.69459e-16
1899 0.321751 0.321751 0
1900 0.313061 0.313061 0
1901 0.301571 0.301571 -1.84073e-16
1902 0.313061 0.313061 0
1903 0.301571 0.301571 -1.84073e-16
1904 0.287374 0.287374 -1.93167e-16
1905 0.270574 0.270574 -2.05161e-16
1906 0.251303 0.251303 0
1907 0.229719 0.229719 -2.41649e-16
1908 0.251303 0.251303 0
1909 0.229719 0.229719 -2.41649e-16
1910 0.206005 0.206005 -1.34733e-16
1911 0.180361 0.180361 0
1912 0.153015 0.153015 0
1913 0.124213 0.124213 -1.11726e-16
1914 0.153015 0.153015 0
1915 0.124213 0.124213 -1.11726e-16
1916 0.0942234 0.0942234 -1.47286e-16
1917 0.0633267 0.0633267 -2.19146e-16
1918 0.0318176 0.0318176 0
1919 0 0 -nan
1920 0 0 -nan
1921 0.0260557 0.0260557 0
1922 0.0518613 0.0518613 0
1923 0.0771695 0.0771695 -1.79835e-16
1924 0.10174 0.10174 -2.72809e-16
1925 0.125343 0.125343 -2.21438e-16
1926 0.10174 0.10174 -2.72809e-16
1927 0.125343 0.125343 -2.21438e-16
1928 0.147761 0.147761 -1.87841e-16
1929 0.168791 0.168791 -1.64438e-16
1930 0.188245 0.188245 -1.47444e-16
1931 0.205957 0.205957 -1.34764e-16
1932 0.188245 0.188245 -1.47444e-16
1933 0.205957 0.205957 -1.34764e-16
1934 0.221779 0.221779 -2.503e-16
1935 0.235578 0.235578 0
1936 0.247243 0.247243 0
1937 0.256683 0.256683 0
1938 0.247243 0.247243 0
1939 0.256683 0.256683 0
1940 0.263829 0.263829 0
1941 0.268623 0.268623 -2.06651e-16
1942 0.271029 0.271029 0
1943 0.271029 0.271029 -2.04816e-16
1944 0.271029 0.271029 0
1945 0.271029 0.271029 -2.04816e-16
1946 0.268627 0.268627 -4.13295e-16
1947 0.263838 0.263838 0
1948 0.256696 0.256696 0
1949 0.247255 0.247255 -1.12255e-16
1950 0.256696 0.256696 0
1951 0.247255 0.247255 -1.12255e-16
1952 0.235593 0.235593 0
1953 0.221797 0.221797 -1.2514e-16
1954 0.205977 0.205977 -1.34751e-16
1955 0.188264 0.188264 0
1956 0.205977 0.205977 -1.34751e-16
1957 0.188264 0.188264 0
1958 0.16881 0.16881 0
1959 0.14778 0.14778 -1.87817e-16
1960 0.125361 0.125361 -2.21406e-16
1961 0.101755 0.101755 -1.36385e-16
1962 0.125361 0.125361 -2.21406e-16
1963 0.101755 0.101755 -1.36385e-16
1964 0.0771818 0.0771818 0
1965 0.0518703 0.0518703 -1.33774e-16
1966 0.0260607 0.0260607 0
1967 0 0 -nan
1968 0 0 -nan
1969 0.0205511 0.0205511 1.68821e-16
1970 0.0409059 0.0409059 0
1971 0.0608705 0.0608705 -2.27989e-16
1972 0.0802561 0.0802561 0
1973 0.0988798 0 -1
1974 0.0802561 0 -1
1975 0.0988814 0.0988814 -2.80695e-16
1976 0.116576 0.116576 -1.19045e-16
1977 0.133179 0.133179 0
1978 0.148543 0.148543 -1.86852e-16
1979 0.162531 0 -1
1980 0.148543 0 -1
1981 0.162533 0.162533 -1.70768e-16
1982 0.175035 0.175035 0
1983 0.185941 0.185941 1.49271e-16
1984 0.195162 0.195162 1.42218e-16
1985 0.202623 0 -1
1986 0.195162 0 -1
1987 0.202626 0.202626 1.36979e-16
1988 0.208277 0.208277 1.33263e-16
1989 0.212069 0.212069 0
1990 0.213972 0.213972 -1.29716e-16
1991 0.213968 0 -1
1992 0.213972 0 -1
1993 0.213972 0.213972 0
1994 0.212072 0.212072 -2.61756e-16
1995 0.208284 0.208284 -2.66517e-16
1996 0.202636 0.202636 0
1997 0.195169 0 -1
1998 0.202636 0 -1
1999 0.195172 0.195172 0
2000 0.185953 0.185953 -1.49261e-16
2001 0.175049 0.175049 0
2002 0.162549 0.162549 -1.70752e-16
2003 0.148555 0 -1
2004 0.162549 0 -1
2005 0.148557 0.148557 -1.86834e-16
2006 0.133195 0.133195 -2.08384e-16
2007 0.116592 0.116592 -2.38058e-16
2008 0.0988961 0.0988961 -2.80654e-16
2009 0.0802667 0 -1
2010 0.0988961 0 -1
2011 0.080268 0.080268 -1.72893e-16
2012 0.0608805 0.0608805 -2.27951e-16
2013 0.0409133 0.0409133 0
2014 0.0205551 0.0205551 -1.68788e-16
2015 0 0 -nan
2016 0 0 -nan
2017 0.0260557 0.0260557 0
2018 0.0518613 0.0518613 0
2019 0.0771695 0.0771695 -1.79835e-16
2020 0.10174 0.10174 -2.72809e-16
2021 0.125341 0 -1
2022 0.10174 0 -1
2023 0.125343 0.125343 -2.21438e-16
2024 0.147761 0.147761 -1.87841e-16
2025 0.168791 0.168791 -1.64438e-16
2026 0.188245 0.188245 -1.47444e-16
2027 0.205953 0 -1
2028 0.188245 0 -1
2029 0.205957 0.205957 -1.34764e-16
2030 0.221779 0.221779 -2.503e-16
2031 0.235578 0.235578 0
2032 0.247243 0.247243 0
2033 0.256679 0 -1
2034 0.247243 0 -1
2035 0.256683 0.256683 0
2036 0.263829 0.263829 0
2037 0.268623 0.268623 -2.06651e-16
2038 0.271029 0.271029 0
2039 0.271025 0 -1
2040 0.271029 0 -1
2041 0.271029 0.271029 -2.04816e-16
2042 0.268627 0.268627 -4.13295e-16
2043 0.263838 0.263838 0
2044 0.256696 0.256696 0
2045 0.247251 0 -1
2046 0.256696 0 -1
2047 0.247255 0.247255 -1.12255e-16
2048 0.235593 0.235593 0
2049 0.221797 0.221797 -1.2514e-16
2050 0.205977 0.205977 -1.34751e-16
2051 0.188261 0 -1
2052 0.205977 0 -1
2053 0.188264 0.188264 0
2054 0.16881 0.16881 0
2055 0.14778 0.14778 -1.87817e-16
2056 0.125361 0.125361 -2.21406e-16
2057 0.101753 0 -1
2058 0.125361 0 -1
2059 0.101755 0.101755 -1.36385e-16
2060 0.0771818 0.0771818 0
2061 0.0518703 0.0518703 -1.33774e-16
2062 0.0260607 0.0260607 0
2063 0 0 -nan
2064 0 0 -nan
2065 0.0205511 0.0205511 1.68821e-16
2066 0.0409059 0.0409059 0
2067 0.0608705 0.0608705 -2.27989e-16
2068 0.0802561 0.0802561 0
2069 0.0988814 0.0988814 -2.80695e-16
2070 0.0802561 0.0802561 0
2071 0.0988814 0.0988814 -2.80695e-16
2072 0.116576 0.116576 -1.19045e-16
2073 0.133179 0.133179 0
2074 0.148543 0.148543 -1.86852e-16
2075 0.162533 0.162533 -1.70768e-16
2076 0.148543 0.148543 -1.86852e-16
2077 0.162533 0.162533 -1.70768e-16
2078 0.175035 0.175035 0
2079 0.185941 0.185941 1.49271e-16
2080 0.195162 0.195162 1.42218e-16
2081 0.202626 0.202626 1.36979e-16
2082 0.195162 0.195162 1.42218e-16
2083 0.202626 0.202626 1.36979e-16
2084 0.208277 0.208277 1.33263e-16
2085 0.212069 0.212069 0
2086 0.213972 0.213972 -1.29716e-16
2087 0.213972 0.213972 0
2088 0.213972 0.213972 -1.29716e-16
2089 0.213972 0.213972 0
2090 0.212072 0.212072 -2.61756e-16
2091 0.208284 0.208284 -2.66517e-16
2092 0.202636 0.202636 0
2093 0.195172 0.195172 0
2094 0.202636 0.202636 0
2095 0.195172 0.195172 0
2096 0.185953 0.185953 -1.49261e-16
2097 0.175049 0.175049 0
2098 0.162549 0.162549 -1.70752e-16
2099 0.148557 0.148557 -1.86834e-16
2100 0.162549 0.162549 -1.70752e-16
2101 0.148557 0.148557 -1.86834e-16
2102 0.133195 0.133195 -2.08384e-16
2103 0.116592 0.116592 -2.38058e-16
2104 0.0988961 0.0988961 -2.80654e-16
2105 0.080268 0.080268 -1.72893e-16
2106 0.0988961 0.0988961 -2.80654e-16
2107 0.080268 0.080268 -1.72893e-16
2108 0.0608805 0.0608805 -2.27951e-16
2109 0.0409133 0.0409133 0
2110 0.0205551 0.0205551 -1.68788e-16
2111 0 0 -nan
2112 0 0 -nan
2113 0.0152441 0.0152441 0
2114 0.0303432 0.0303432 -2.28681e-16
2115 0.0451539 0.0451539 -3.07344e-16
2116 0.0595367 0.0595367 -2.33096e-16
2117 0.0733575 0.0733575 -1.8918e-16
2118 0.0595367 0.0595367 -2.33096e-16
2119 0.0733575 0.0733575 -1.8918e-16
2120 0.0864899 0.0864899 -3.20911e-16
2121 0.0988142 0.0988142 -1.40443e-16
2122 0.110221 0.110221 -2.51818e-16
2123 0.12061 0.12061 -1.15063e-16
2124 0.110221 0.110221 -2.51818e-16
2125 0.12061 0.12061 -1.15063e-16
2126 0.129895 0.129895 -2.13677e-16
2127 0.137997 0.137997 -2.01132e-16
2128 0.144849 0.144849 0
2129 0.150395 0.150395 0
2130 0.144849 0.144849 0
2131 0.150395 0.150395 0
2132 0.154595 0.154595 1.79537e-16
2133 0.157413 0.157413 0
2134 0.158828 0.158828 0
2135 0.158828 0.158828 -1.74753e-16
2136 0.158828 0.158828 0
2137 0.158828 0.158828 -1.74753e-16
2138 0.157416 0.157416 -1.7632e-16
2139 0.1546 0.1546 -1.79531e-16
2140 0.150403 0.150403 0
2141 0.144856 0.144856 0
2142 0.150403 0.150403 0
2143 0.144856 0.144856 0
2144 0.138006 0.138006 2.01118e-16
2145 0.129906 0.129906 0
2146 0.120622 0.120622 -2.30103e-16
2147 0.110232 0.110232 -1.25896e-16
2148 0.120622 0.120622 -2.30103e-16
2149 0.110232 0.110232 -1.25896e-16
2150 0.0988258 0.0988258 -2.80854e-16
2151 0.0865015 0.0865015 -3.20868e-16
2152 0.0733685 0.0733685 -1.89152e-16
2153 0.0595457 0.0595457 -1.16531e-16
2154 0.0733685 0.0733685 -1.89152e-16
2155 0.0595457 0.0595457 -1.16531e-16
2156 0.0451615 0.0451615 -3.07293e-16
2157 0.0303487 0.0303487 -1.14319e-16
2158 0.0152471 0.0152471 0
2159 0 0 -nan
2160 0 0 -nan
2161 0.0100828 0.0100828 0
2162 0.0200699 0.0200699 -3.45736e-16
2163 0.0298669 0.0298669 -2.32327e-16
2164 0.0393815 0.0393815 -3.52394e-16
2165 0.0485251 0.0485251 -1.42996e-16
2166 0.0393815 0.0393815 -3.52394e-16
2167 0.0485251 0.0485251 -1.42996e-16
2168 0.0572144 0.0572144 -2.42558e-16
2169 0.06537 0.06537 -2.12296e-16
2170 0.0729192 0.0729192 -3.80634e-16
2171 0.0797962 0.0797962 -1.73915e-16
2172 0.0729192 0.0729192 -3.80634e-16
2173 0.0797962 0.0797962 -1.73915e-16
2174 0.0859433 0.0859433 -3.22952e-16
2175 0.0913074 0.0913074 -1.5199e-16
2176 0.0958445 0.0958445 0
2177 0.0995177 0.0995177 -1.3945e-16
2178 0.0958445 0.0958445 0
2179 0.0995177 0.0995177 -1.3945e-16
2180 0.102299 0.102299 -1.35659e-16
2181 0.104166 0.104166 0
2182 0.105103 0.105103 0
2183 0.105103 0.105103 -1.3204e-16
2184 0.105103 0.105103 0
2185 0.105103 0.105103 -1.3204e-16
2186 0.104168 0.104168 -1.33225e-16
2187 0.102303 0.102303 0
2188 0.0995228 0.0995228 -1.39443e-16
2189 0.0958494 0.0958494 0
2190 0.0995228 0.0995228 -1.39443e-16
2191 0.0958494 0.0958494 0
2192 0.0913136 0.0913136 0
2193 0.0859505 0.0859505 0
2194 0.0798044 0.0798044 -1.73898e-16
2195 0.0729267 0.0729267 -1.90298e-16
2196 0.0798044 0.0798044 -1.73898e-16
2197 0.0729267 0.0729267 -1.90298e-16
2198 0.0653777 0.0653777 -4.24542e-16
2199 0.0572221 0.0572221 -3.63787e-16
2200 0.0485325 0.0485325 -1.42974e-16
2201 0.0393875 0.0393875 0
2202 0.0485325 0.0485325 -1.42974e-16
2203 0.0393875 0.0393875 0
2204 0.0298719 0.0298719 -1.16144e-16
2205 0.0200736 0.0200736 0
2206 0.0100848 0.0100848 -1.72013e-16
2207 0 0 -nan
2208 0 0 -nan
2209 0.00501754 0.00501754 -1.72866e-16
2210 0.00998758 0.00998758 -3.47376e-16
2211 0.0148631 0.0148631 -2.33427e-16
2212 0.0195983 0.0195983 -3.54055e-16
2213 0.0241492 0.0241492 -2.87334e-16
2214 0.0195983 0.0195983 -3.54055e-16
2215 0.0241492 0.0241492 -2.87334e-16
2216 0.0284742 0.0284742 -2.4369e-16
2217 0.0325339 0.0325339 -2.13282e-16
2218 0.0362921 0.0362921 -3.82392e-16
2219 0.0397158 0.0397158 -3.49427e-16
2220 0.0362921 0.0362921 -3.82392e-16
2221 0.0397158 0.0397158 -3.49427e-16
2222 0.0427764 0.0427764 -1.62213e-16
2223 0.0454475 0.0454475 -1.52679e-16
2224 0.0477068 0.0477068 0
2225 0.049536 0.049536 -1.40078e-16
2226 0.0477068 0.0477068 0
2227 0.049536 0.049536 -1.40078e-16
2228 0.0509214 0.0509214 -1.36267e-16
2229 0.051851 0.051851 0
2230 0.0523177 0.0523177 -1.3263e-16
2231 0.0523177 0.0523177 -2.6526e-16
2232 0.0523177 0.0523177 -1.3263e-16
2233 0.0523177 0.0523177 -2.6526e-16
2234 0.0518519 0.0518519 -1.33821e-16
2235 0.0509231 0.0509231 0
2236 0.0495386 0.0495386 0
2237 0.0477092 0.0477092 0
2238 0.0495386 0.0495386 0
2239 0.0477092 0.0477092 0
2240 0.0454506 0.0454506 -1.52669e-16
2241 0.0427801 0.0427801 0
2242 0.0397199 0.0397199 -1.74696e-16
2243 0.0362958 0.0362958 -1.91176e-16
2244 0.0397199 0.0397199 -1.74696e-16
2245 0.0362958 0.0362958 -1.91176e-16
2246 0.0325378 0.0325378 -4.26513e-16
2247 0.0284781 0.0284781 -4.87314e-16
2248 0.0241529 0.0241529 -2.8729e-16
2249 0.0196013 0.0196013 -1.77001e-16
2250 0.0241529 0.0241529 -2.8729e-16
2251 0.0196013 0.0196013 -1.77001e-16
2252 0.0148656 0.0148656 -2.33387e-16
2253 0.00998944 0.00998944 -1.73656e-16
2254 0.00501856 0.00501856 -1.72831e-16
2255 0 0 -nan
2256 0 0 -nan
2257 0 0 -nan
2258 0 0 -nan
2259 0 0 -nan
2260 0 0 -nan
2261 0 0 -nan
2262 0 0 -nan
2263 0 0 -nan
2264 0 0 -nan
2265 0 0 -nan
2266 0 0 -nan
2267 0 0 -nan
2268 0 0 -nan
2269 0 0 -nan
2270 0 0 -nan
2271 0 0 -nan
2272 0 0 -nan
2273 0 0 -nan
2274 0 0 -nan
2275 0 0 -nan
2276 0 0 -nan
2277 0 0 -nan
2278 0 0 -nan
2279 0 0 -nan
2280 0 0 -nan
2281 0 0 -nan
2282 0 0 -nan
2283 0 0 -nan
2284 0 0 -nan
2285 0 0 -nan
2286 0 0 -nan
2287 0 0 -nan
2288 0 0 -nan
2289 0 0 -nan
2290 0 0 -nan
2291 0 0 -nan
2292 0 0 -nan
2293 0 0 -nan
2294 0 0 -nan
2295 0 0 -nan
2296 0 0 -nan
2297 0 0 -nan
2298 0 0 -nan
2299 0 0 -nan
2300 0 0 -nan
2301 0 0 -nan
2302 0 0 -nan
2303 0 0 -nan
