0 5 5 0
1 5 5 0
2 5 5 0
3 5 5 0
4 5 5 0
5 5 5 0
6 5 5 0
7 5 5 0
8 5 5 0
9 5 5 0
10 5 5 0
11 5 5 0
12 5 5 0
13 5 5 0
14 5 5 0
15 5 5 0
16 5 5 0
17 5 5 0
18 5 5 0
19 5 5 0
20 5 5 0
21 5 5 0
22 5 5 0
23 5 5 0
24 5 5 0
25 5 5 0
26 5 5 0
27 5 5 0
28 5 5 0
29 5 5 0
30 5 5 0
31 5 5 0
32 5 5 0
33 5 5 0
34 0 0 -nan
35 2.49495 2.49497 7.88143e-06
36 3.47814 3.47817 1.12563e-05
37 3.93779 3.93785 1.48013e-05
38 4.18704 4.18711 1.8364e-05
39 4.33854 4.33863 2.18508e-05
40 4.43852 4.43863 2.52018e-05
41 4.50841 4.50854 2.83699e-05
42 4.55924 4.55938 3.13182e-05
43 4.5972 4.59735 3.40156e-05
44 4.62599 4.62616 3.64378e-05
45 4.64795 4.64813 3.8558e-05
46 4.66461 4.6648 4.03557e-05
47 4.67699 4.67718 4.1814e-05
48 4.68577 4.68597 4.29229e-05
49 4.6914 4.6916 4.3668e-05
50 4.69414 4.69435 4.40423e-05
51 4.69414 4.69435 4.40423e-05
52 4.6914 4.6916 4.36723e-05
53 4.68577 4.68597 4.29312e-05
54 4.67699 4.67718 4.18262e-05
55 4.66461 4.6648 4.03675e-05
56 4.64795 4.64813 3.85729e-05
57 4.62599 4.62616 3.64554e-05
58 4.5972 4.59735 3.40354e-05
59 4.55924 4.55938 3.13365e-05
60 4.50841 4.50854 2.83891e-05
61 4.43852 4.43863 2.52214e-05
62 4.33854 4.33863 2.18699e-05
63 4.18704 4.18711 1.83801e-05
64 3.93779 3.93785 1.48157e-05
65 3.47814 3.47817 1.12683e-05
66 2.49495 2.49497 7.89058e-06
67 0 0 -nan
68 0 0 -nan
69 1.50167 1.50171 2.60717e-05
70 2.4798 2.47988 3.14341e-05
71 3.08599 3.08611 3.7604e-05
72 3.47182 3.47197 4.40953e-05
73 3.7286 3.72879 5.06221e-05
74 3.90714 3.90736 5.70016e-05
75 4.03588 4.03613 6.30983e-05
76 4.13135 4.13164 6.88132e-05
77 4.20356 4.20387 7.40676e-05
78 4.25881 4.25915 7.8803e-05
79 4.30121 4.30157 8.29583e-05
80 4.33351 4.33389 8.6488e-05
81 4.35758 4.35797 8.93547e-05
82 4.37469 4.37509 9.15371e-05
83 4.38567 4.38608 9.30045e-05
84 4.39104 4.39145 9.37419e-05
85 4.39104 4.39145 9.37419e-05
86 4.38567 4.38608 9.30135e-05
87 4.37469 4.37509 9.15548e-05
88 4.35758 4.35797 8.93807e-05
89 4.33351 4.33389 8.65131e-05
90 4.30121 4.30157 8.29903e-05
91 4.25881 4.25915 7.88411e-05
92 4.20356 4.20387 7.41106e-05
93 4.13135 4.13164 6.88532e-05
94 4.03588 4.03613 6.3141e-05
95 3.90714 3.90736 5.70456e-05
96 3.7286 3.72879 5.06662e-05
97 3.47182 3.47197 4.41338e-05
98 3.08599 3.08611 3.76403e-05
99 2.4798 2.47988 3.14674e-05
100 1.50167 1.50171 2.61019e-05
101 0 0 -nan
102 0 0 -nan
103 1.03191 1.03197 5.6482e-05
104 1.85342 1.85353 6.26116e-05
105 2.45456 2.45474 7.03825e-05
106 2.88564 2.88586 7.89802e-05
107 3.19692 3.1972 8.78951e-05
108 3.42555 3.42588 9.6789e-05
109 3.59662 3.597 0.000105407
110 3.72674 3.72716 0.000113565
111 3.82689 3.82736 0.000121118
112 3.90449 3.90499 0.000127961
113 3.96457 3.9651 0.000133987
114 4.01065 4.0112 0.000139121
115 4.04514 4.04572 0.000143298
116 4.06974 4.07034 0.000146483
117 4.08557 4.08618 0.000148627
118 4.09332 4.09393 0.000149705
119 4.09332 4.09393 0.000149705
120 4.08557 4.08618 0.000148641
121 4.06974 4.07034 0.000146511
122 4.04514 4.04572 0.000143339
123 4.01065 4.0112 0.000139161
124 3.96457 3.9651 0.000134039
125 3.90449 3.90499 0.000128023
126 3.82689 3.82736 0.000121188
127 3.72674 3.72716 0.000113631
128 3.59662 3.597 0.000105479
129 3.42555 3.42588 9.68636e-05
130 3.19692 3.1972 8.79715e-05
131 2.88564 2.88586 7.90489e-05
132 2.45456 2.45474 7.04504e-05
133 1.85342 1.85353 6.26779e-05
134 1.03191 1.03197 5.65473e-05
135 0 0 -nan
136 0 0 -nan
137 0.772563 0.77264 9.95265e-05
138 1.4474 1.44755 0.00010577
139 1.99321 1.99344 0.000114342
140 2.41925 2.41955 0.000124279
141 2.7479 2.74827 0.000134901
142 3.00151 3.00195 0.000145725
143 3.19833 3.19883 0.000156373
144 3.35209 3.35265 0.000166563
145 3.47279 3.4734 0.000176075
146 3.56768 3.56834 0.000184746
147 3.64196 3.64266 0.000192418
148 3.69937 3.70011 0.000198974
149 3.74261 3.74338 0.000204323
150 3.77358 3.77436 0.000208411
151 3.79356 3.79436 0.000211165
152 3.80335 3.80416 0.000212551
153 3.80335 3.80416 0.000212551
154 3.79356 3.79436 0.000211186
155 3.77358 3.77436 0.000208451
156 3.74261 3.74338 0.000204382
157 3.69937 3.70011 0.000199032
158 3.64196 3.64266 0.000192492
159 3.56768 3.56834 0.000184835
160 3.47279 3.4734 0.000176177
161 3.35209 3.35265 0.00016666
162 3.19833 3.19883 0.000156478
163 3.00151 3.00195 0.000145838
164 2.7479 2.74827 0.000135018
165 2.41925 2.41955 0.000124387
166 1.99321 1.99344 0.000114452
167 1.4474 1.44755 0.000105881
168 0.772563 0.77264 9.96413e-05
169 0 0 -nan
170 0 0 -nan
171 0.610946 0.611041 0.000155169
172 1.17039 1.17058 0.000161269
173 1.65163 1.65191 0.00017013
174 2.05027 2.05064 0.000180803
175 2.37391 2.37437 0.000192525
176 2.63429 2.63483 0.000204714
177 2.84312 2.84374 0.000216883
178 3.0105 3.01118 0.000228661
179 3.14452 3.14528 0.000239749
180 3.2515 3.25231 0.000249927
181 3.33622 3.33708 0.000258977
182 3.40228 3.40319 0.000266741
183 3.45237 3.45331 0.000273093
184 3.48841 3.48938 0.00027796
185 3.51174 3.51273 0.000281244
186 3.5232 3.5242 0.000282897
187 3.5232 3.5242 0.000282897
188 3.51174 3.51273 0.000281271
189 3.48841 3.48938 0.000278013
190 3.45237 3.45331 0.000273172
191 3.40228 3.40319 0.000266818
192 3.33622 3.33708 0.000259077
193 3.2515 3.25231 0.000250047
194 3.14452 3.14528 0.000239887
195 3.0105 3.01119 0.000228793
196 2.84312 2.84374 0.000217029
197 2.63429 2.63483 0.000204872
198 2.37391 2.37437 0.000192692
199 2.05027 2.05064 0.000180959
200 1.65163 1.65192 0.000170294
201 1.17039 1.17058 0.00016144
202 0.610946 0.611041 0.000155348
203 0 0 -nan
204 0 0 -nan
205 0.500828 0.50094 0.000223346
206 0.971605 0.971828 0.00022922
207 1.39267 1.393 0.00023807
208 1.75628 1.75672 0.000249046
209 2.06319 2.06373 0.000261379
210 2.31862 2.31926 0.000274435
211 2.52938 2.53011 0.00028765
212 2.70227 2.70308 0.00030058
213 2.84332 2.84421 0.000312856
214 2.95758 2.95854 0.000324203
215 3.04914 3.05016 0.000334346
216 3.12119 3.12226 0.000343082
217 3.1762 3.17731 0.00035025
218 3.21597 3.21712 0.000355758
219 3.24181 3.24298 0.00035948
220 3.25453 3.25571 0.000361356
221 3.25453 3.25571 0.000361356
222 3.24181 3.24298 0.000359514
223 3.21597 3.21712 0.000355826
224 3.1762 3.17731 0.000350351
225 3.12119 3.12226 0.00034318
226 3.04914 3.05016 0.000334474
227 2.95758 2.95854 0.000324358
228 2.84332 2.84421 0.000313036
229 2.70227 2.70308 0.000300753
230 2.52938 2.53011 0.000287843
231 2.31862 2.31926 0.000274645
232 2.06319 2.06373 0.000261604
233 1.75628 1.75672 0.000249261
234 1.39267 1.393 0.000238298
235 0.971605 0.971828 0.000229461
236 0.500828 0.50094 0.000223602
237 0 0 -nan
238 0 0 -nan
239 0.420762 0.42089 0.000303976
240 0.822534 0.822789 0.000309597
241 1.19117 1.19154 0.000318266
242 1.519 1.5195 0.000329248
243 1.80396 1.80458 0.000341815
244 2.04763 2.04836 0.000355325
245 2.25353 2.25436 0.000369169
246 2.42589 2.42682 0.000382847
247 2.56891 2.56993 0.00039594
248 2.68639 2.68749 0.000408125
249 2.78159 2.78275 0.000419072
250 2.85717 2.8584 0.000428539
251 2.91527 2.91654 0.00043633
252 2.9575 2.9588 0.000442335
253 2.98502 2.98636 0.000446399
254 2.9986 2.99995 0.000448449
255 2.9986 2.99995 0.000448449
256 2.98502 2.98636 0.000446441
257 2.9575 2.95881 0.000442419
258 2.91527 2.91654 0.000436456
259 2.85717 2.8584 0.000428662
260 2.78159 2.78275 0.000419232
261 2.68639 2.68749 0.00040832
262 2.56891 2.56993 0.000396167
263 2.42589 2.42682 0.000383067
264 2.25353 2.25436 0.000369415
265 2.04763 2.04836 0.000355597
266 1.80396 1.80458 0.000342109
267 1.519 1.51951 0.000329531
268 1.19117 1.19154 0.000318569
269 0.822534 0.822789 0.000309922
270 0.420762 0.42089 0.000304323
271 0 0 -nan
272 0 0 -nan
273 0.359689 0.359831 0.000396969
274 0.706608 0.706892 0.000402327
275 1.03046 1.03088 0.000410713
276 1.32462 1.32518 0.000421501
277 1.58604 1.58673 0.000434022
278 1.81442 1.81523 0.000447658
279 2.01123 2.01216 0.000461777
280 2.17887 2.1799 0.000475853
281 2.32006 2.3212 0.000489424
282 2.43751 2.43873 0.000502138
283 2.53367 2.53497 0.000513616
284 2.61066 2.61203 0.000523579
285 2.67023 2.67165 0.000531804
286 2.71374 2.71521 0.000538162
287 2.74221 2.74369 0.000542472
288 2.75627 2.75777 0.000544649
289 2.75627 2.75777 0.000544649
290 2.74221 2.74369 0.000542524
291 2.71374 2.71521 0.000538265
292 2.67023 2.67165 0.000531957
293 2.61066 2.61203 0.000523729
294 2.53367 2.53497 0.000513811
295 2.43751 2.43873 0.000502377
296 2.32006 2.3212 0.000489704
297 2.17887 2.17991 0.000476125
298 2.01123 2.01216 0.000462085
299 1.81442 1.81523 0.000447999
300 1.58604 1.58673 0.000434395
301 1.32462 1.32518 0.000421863
302 1.03046 1.03088 0.000411104
303 0.706608 0.706893 0.000402748
304 0.359689 0.359832 0.000397421
305 0 0 -nan
306 0 0 -nan
307 0.311387 0.311543 0.000502183
308 0.613757 0.614068 0.000507272
309 0.899451 0.899915 0.000515313
310 1.16298 1.16359 0.000525771
311 1.40116 1.40192 0.000538042
312 1.6128 1.61369 0.000551549
313 1.79813 1.79915 0.000565658
314 1.95831 1.95944 0.000579832
315 2.09498 2.09622 0.000593588
316 2.20993 2.21128 0.000606554
317 2.30495 2.30637 0.000618312
318 2.3816 2.3831 0.000628555
319 2.44128 2.44283 0.000637035
320 2.48507 2.48667 0.00064361
321 2.51381 2.51544 0.000648074
322 2.52804 2.52968 0.000650331
323 2.52804 2.52968 0.000650331
324 2.51381 2.51544 0.000648136
325 2.48507 2.48667 0.000643733
326 2.44128 2.44283 0.000637217
327 2.3816 2.3831 0.000628735
328 2.30495 2.30637 0.000618547
329 2.20993 2.21128 0.000606843
330 2.09498 2.09622 0.000593928
331 1.95831 1.95944 0.000580164
332 1.79813 1.79915 0.000566035
333 1.6128 1.61369 0.000551969
334 1.40116 1.40192 0.000538504
335 1.16298 1.16359 0.000526222
336 0.899451 0.899915 0.000515803
337 0.613757 0.614068 0.000507803
338 0.311387 0.311543 0.000502756
339 0 0 -nan
340 0 0 -nan
341 0.272105 0.272273 0.000619455
342 0.537587 0.537922 0.00062427
343 0.790617 0.791117 0.000631925
344 1.0267 1.02736 0.000641961
345 1.24285 1.24367 0.000653836
346 1.4375 1.43846 0.000667022
347 1.61019 1.61129 0.000680895
348 1.76128 1.7625 0.000694924
349 1.89162 1.89296 0.000708618
350 2.00233 2.00378 0.000721598
351 2.0946 2.09613 0.000733416
352 2.16956 2.17117 0.000743746
353 2.22824 2.22991 0.000752319
354 2.27148 2.27321 0.000758988
355 2.29995 2.3017 0.000763522
356 2.31407 2.31584 0.000765816
357 2.31407 2.31584 0.000765816
358 2.29995 2.3017 0.000763594
359 2.27148 2.27321 0.000759131
360 2.22824 2.22991 0.000752533
361 2.16956 2.17117 0.000743958
362 2.0946 2.09613 0.000733694
363 2.00233 2.00378 0.00072194
364 1.89162 1.89297 0.000709022
365 1.76128 1.76251 0.00069532
366 1.61019 1.61129 0.000681347
367 1.4375 1.43846 0.000667527
368 1.24285 1.24367 0.000654394
369 1.0267 1.02736 0.000642509
370 0.790617 0.791117 0.000632524
371 0.537587 0.537923 0.00062492
372 0.272105 0.272274 0.000620158
373 0 0 -nan
374 0 0 -nan
375 0.239449 0.239628 0.000748429
376 0.473874 0.474231 0.000752967
377 0.69874 0.699271 0.00076021
378 0.910361 0.911062 0.000769761
379 1.10606 1.10693 0.000781134
380 1.28417 1.28519 0.000793855
381 1.44387 1.44504 0.000807319
382 1.58502 1.58632 0.000821008
383 1.70793 1.70936 0.000834437
384 1.8132 1.81474 0.000847231
385 1.90158 1.90321 0.000858922
386 1.97382 1.97554 0.00086917
387 2.03066 2.03244 0.000877694
388 2.07271 2.07454 0.000884347
389 2.10046 2.10233 0.000888877
390 2.11425 2.11614 0.00089117
391 2.11425 2.11614 0.00089117
392 2.10046 2.10233 0.00088896
393 2.07271 2.07454 0.000884514
394 2.03066 2.03244 0.000877943
395 1.97382 1.97554 0.000869417
396 1.90158 1.90321 0.000859246
397 1.8132 1.81474 0.000847631
398 1.70793 1.70936 0.00083491
399 1.58502 1.58632 0.000821474
400 1.44387 1.44504 0.000807852
401 1.28417 1.28519 0.000794454
402 1.10606 1.10693 0.000781799
403 0.910361 0.911063 0.000770416
404 0.69874 0.699272 0.000760927
405 0.473874 0.474231 0.000753747
406 0.239449 0.239628 0.000749275
407 0 0 -nan
408 0 0 -nan
409 0.21182 0.212008 0.000888668
410 0.419726 0.420101 0.000892926
411 0.620118 0.620676 0.000899742
412 0.809954 0.81069 0.000908767
413 0.986883 0.987791 0.000919567
414 1.14927 1.15034 0.000931719
415 1.29613 1.29736 0.000944643
416 1.42703 1.42839 0.000957843
417 1.5419 1.5434 0.000970845
418 1.641 1.64262 0.000983292
419 1.72472 1.72643 0.0009947
420 1.79353 1.79533 0.00100473
421 1.8479 1.84977 0.00101308
422 1.88826 1.89019 0.00101963
423 1.91497 1.91693 0.00102409
424 1.92826 1.93024 0.00102635
425 1.92826 1.93024 0.00102635
426 1.91497 1.91693 0.00102418
427 1.88826 1.89019 0.00101982
428 1.8479 1.84977 0.00101337
429 1.79353 1.79533 0.00100501
430 1.72472 1.72644 0.000995075
431 1.641 1.64262 0.000983756
432 1.5419 1.5434 0.000971395
433 1.42703 1.42839 0.000958385
434 1.29613 1.29736 0.000945266
435 1.14927 1.15034 0.000932421
436 0.986883 0.987792 0.000920347
437 0.809954 0.81069 0.000909539
438 0.620118 0.620677 0.000900589
439 0.419726 0.420101 0.00089385
440 0.21182 0.212009 0.00088967
441 0 0 -nan
442 0 0 -nan
443 0.188109 0.188304 0.00103959
444 0.3731 0.373489 0.00104357
445 0.552063 0.552642 0.00104995
446 0.722466 0.723231 0.00105843
447 0.882261 0.883204 0.0010686
448 1.02992 1.03103 0.00108012
449 1.16439 1.16566 0.00109241
450 1.28507 1.28649 0.00110501
451 1.39168 1.39324 0.00111746
452 1.48421 1.48589 0.00112944
453 1.5628 1.56458 0.00114044
454 1.6277 1.62957 0.00115013
455 1.67918 1.68112 0.00115822
456 1.71751 1.71951 0.00116458
457 1.74293 1.74497 0.00116892
458 1.7556 1.75765 0.00117112
459 1.7556 1.75765 0.00117112
460 1.74293 1.74497 0.00116903
461 1.71751 1.71951 0.0011648
462 1.67918 1.68112 0.00115855
463 1.6277 1.62957 0.00115046
464 1.5628 1.56458 0.00114087
465 1.48421 1.48589 0.00112997
466 1.39168 1.39324 0.00111809
467 1.28507 1.28649 0.00110563
468 1.16439 1.16566 0.00109313
469 1.02992 1.03103 0.00108093
470 0.882261 0.883205 0.00106951
471 0.722466 0.723231 0.00105932
472 0.552063 0.552643 0.00105094
473 0.3731 0.373489 0.00104465
474 0.188109 0.188305 0.00104076
475 0 0 -nan
476 0 0 -nan
477 0.16752 0.167721 0.00120057
478 0.332508 0.332908 0.00120427
479 0.492577 0.493173 0.00121022
480 0.645601 0.646387 0.00121813
481 0.789797 0.790766 0.00122766
482 0.92376 0.924905 0.00123849
483 1.04646 1.04777 0.00125008
484 1.1572 1.15866 0.001262
485 1.25557 1.25717 0.00127382
486 1.34139 1.34311 0.00128523
487 1.41461 1.41645 0.00129574
488 1.47532 1.47725 0.00130501
489 1.52364 1.52564 0.00131276
490 1.55971 1.56177 0.00131887
491 1.58368 1.58578 0.00132304
492 1.59564 1.59775 0.00132516
493 1.59564 1.59775 0.00132516
494 1.58368 1.58578 0.00132317
495 1.55971 1.56177 0.00131912
496 1.52364 1.52564 0.00131313
497 1.47532 1.47725 0.00130538
498 1.41461 1.41645 0.00129622
499 1.34139 1.34311 0.00128583
500 1.25557 1.25717 0.00127454
501 1.1572 1.15866 0.00126272
502 1.04646 1.04777 0.0012509
503 0.92376 0.924905 0.00123942
504 0.789797 0.790767 0.0012287
505 0.645601 0.646388 0.00121916
506 0.492577 0.493174 0.00121135
507 0.332508 0.332909 0.00120551
508 0.16752 0.167721 0.00120191
509 0 0 -nan
510 0 0 -nan
511 0.149465 0.14967 0.00137058
512 0.296843 0.297251 0.00137402
513 0.440147 0.440755 0.00137953
514 0.577578 0.578379 0.00138688
515 0.707583 0.708571 0.00139576
516 0.82889 0.830056 0.00140588
517 0.940513 0.941846 0.00141674
518 1.04173 1.04322 0.00142793
519 1.13206 1.13368 0.00143905
520 1.21119 1.21294 0.00144983
521 1.27897 1.28084 0.00145977
522 1.33537 1.33733 0.00146856
523 1.38038 1.38242 0.00147591
524 1.41406 1.41616 0.00148174
525 1.43648 1.43861 0.00148571
526 1.44767 1.44983 0.00148773
527 1.44767 1.44983 0.00148773
528 1.43648 1.43861 0.00148585
529 1.41406 1.41616 0.00148201
530 1.38038 1.38242 0.00147633
531 1.33537 1.33733 0.00146897
532 1.27897 1.28084 0.00146032
533 1.21119 1.21294 0.00145051
534 1.13206 1.13369 0.00143986
535 1.04173 1.04322 0.00142873
536 0.940513 0.941847 0.00141766
537 0.82889 0.830057 0.00140693
538 0.707583 0.708571 0.00139693
539 0.577578 0.57838 0.00138805
540 0.440147 0.440755 0.00138082
541 0.296843 0.297251 0.00137543
542 0.149465 0.14967 0.00137211
543 0 0 -nan
544 0 0 -nan
545 0.133501 0.133708 0.00154852
546 0.265259 0.265671 0.0015517
547 0.393603 0.394215 0.00155679
548 0.516996 0.517804 0.00156359
549 0.634084 0.635081 0.0015718
550 0.743726 0.744902 0.00158121
551 0.844997 0.846341 0.00159132
552 0.937182 0.938683 0.00160176
553 1.01976 1.0214 0.00161215
554 1.09236 1.09413 0.00162226
555 1.15476 1.15665 0.0016316
556 1.20683 1.20881 0.00163986
557 1.24849 1.25054 0.00164678
558 1.27972 1.28184 0.00165228
559 1.30054 1.30269 0.00165604
560 1.31094 1.31312 0.00165795
561 1.31094 1.31312 0.00165795
562 1.30054 1.30269 0.00165619
563 1.27972 1.28184 0.00165258
564 1.24849 1.25054 0.00164724
565 1.20683 1.20881 0.00164032
566 1.15476 1.15665 0.00163221
567 1.09236 1.09414 0.00162302
568 1.01976 1.0214 0.00161306
569 0.937182 0.938684 0.00160266
570 0.844997 0.846342 0.00159236
571 0.743726 0.744903 0.00158239
572 0.634084 0.635082 0.00157312
573 0.516996 0.517805 0.0015649
574 0.393603 0.394216 0.00155824
575 0.265259 0.265671 0.00155329
576 0.133501 0.133708 0.00155025
577 0 0 -nan
578 0 0 -nan
579 0.119285 0.119491 0.00173307
580 0.237098 0.237509 0.001736
581 0.35202 0.352632 0.00174068
582 0.462732 0.46354 0.00174694
583 0.568051 0.569048 0.00175451
584 0.666955 0.668131 0.00176321
585 0.75859 0.759934 0.00177257
586 0.842269 0.84377 0.00178225
587 0.917462 0.919106 0.0017919
588 0.983774 0.985546 0.00180131
589 1.04093 1.04281 0.00181002
590 1.08873 1.0907 0.00181773
591 1.12705 1.12911 0.00182419
592 1.15584 1.15796 0.00182935
593 1.17505 1.1772 0.00183289
594 1.18465 1.18683 0.00183468
595 1.18465 1.18683 0.00183468
596 1.17505 1.1772 0.00183306
597 1.15584 1.15796 0.0018297
598 1.12705 1.12911 0.0018247
599 1.08873 1.0907 0.00181824
600 1.04093 1.04281 0.0018107
601 0.983774 0.985547 0.00180215
602 0.917462 0.919107 0.0017929
603 0.842269 0.843771 0.00178325
604 0.75859 0.759935 0.00177373
605 0.666955 0.668132 0.00176453
606 0.568051 0.569049 0.00175598
607 0.462732 0.463541 0.00174841
608 0.35202 0.352633 0.0017423
609 0.237098 0.23751 0.00173777
610 0.119285 0.119492 0.001735
611 0 0 -nan
612 0 0 -nan
613 0.106544 0.106749 0.00192288
614 0.211834 0.212242 0.00192556
615 0.314658 0.315265 0.00192986
616 0.413876 0.414677 0.0019356
617 0.508452 0.50944 0.00194255
618 0.597475 0.59864 0.00195056
619 0.680163 0.681495 0.00195919
620 0.75587 0.757358 0.00196811
621 0.824078 0.825707 0.00197702
622 0.88438 0.886136 0.00198575
623 0.936472 0.938339 0.00199382
624 0.980132 0.982093 0.00200097
625 1.0152 1.01724 0.00200697
626 1.04158 1.04368 0.00201178
627 1.0592 1.06133 0.00201508
628 1.06801 1.07017 0.00201675
629 1.06801 1.07017 0.00201675
630 1.0592 1.06133 0.00201526
631 1.04158 1.04368 0.00201215
632 1.0152 1.01724 0.00200753
633 0.980132 0.982094 0.00200153
634 0.936472 0.93834 0.00199456
635 0.88438 0.886137 0.00198667
636 0.824078 0.825708 0.00197812
637 0.75587 0.757359 0.00196921
638 0.680163 0.681496 0.00196046
639 0.597475 0.598641 0.00195201
640 0.508452 0.509441 0.00194417
641 0.413876 0.414678 0.00193722
642 0.314658 0.315266 0.00193165
643 0.211834 0.212243 0.00192752
644 0.106544 0.106749 0.00192501
645 0 0 -nan
646 0 0 -nan
647 0.0950598 0.0952609 0.00211606
648 0.189046 0.189446 0.00211852
649 0.280913 0.281509 0.00212245
650 0.369676 0.370462 0.00212769
651 0.454425 0.455395 0.00213404
652 0.534349 0.535494 0.0021414
653 0.608741 0.610049 0.00214932
654 0.676999 0.67846 0.00215751
655 0.738628 0.740228 0.00216569
656 0.793228 0.794952 0.00217374
657 0.840486 0.842319 0.00218119
658 0.880163 0.882088 0.00218779
659 0.912082 0.914083 0.00219333
660 0.936118 0.938175 0.00219779
661 0.952185 0.95428 0.00220085
662 0.96023 0.962345 0.0022024
663 0.96023 0.962345 0.0022024
664 0.952185 0.95428 0.00220105
665 0.936118 0.938176 0.0021982
666 0.912082 0.914083 0.00219393
667 0.880163 0.882089 0.0021884
668 0.840486 0.84232 0.002182
669 0.793228 0.794953 0.00217475
670 0.738628 0.740229 0.00216689
671 0.676999 0.678461 0.00215871
672 0.608741 0.61005 0.00215071
673 0.534349 0.535495 0.00214298
674 0.454425 0.455396 0.00213582
675 0.369676 0.370463 0.00212946
676 0.280913 0.28151 0.00212441
677 0.189046 0.189446 0.00212067
678 0.0950598 0.0952611 0.00211839
679 0 0 -nan
680 0 0 -nan
681 0.0846534 0.084849 0.00231067
682 0.168382 0.168772 0.00231292
683 0.250285 0.250864 0.0023165
684 0.329503 0.330268 0.00232128
685 0.405241 0.406184 0.00232707
686 0.476778 0.477891 0.00233381
687 0.543476 0.544749 0.00234105
688 0.604784 0.606205 0.00234855
689 0.660237 0.661792 0.00235603
690 0.70945 0.711127 0.00236343
691 0.752114 0.753897 0.00237028
692 0.787987 0.789859 0.00237634
693 0.816882 0.818827 0.00238142
694 0.838662 0.840662 0.00238555
695 0.853232 0.85527 0.00238838
696 0.860531 0.862588 0.00238981
697 0.860531 0.862588 0.00238981
698 0.853232 0.85527 0.0023886
699 0.838662 0.840663 0.00238599
700 0.816882 0.818828 0.00238208
701 0.787987 0.78986 0.002377
702 0.752114 0.753898 0.00237115
703 0.70945 0.711127 0.00236452
704 0.660237 0.661793 0.00235734
705 0.604784 0.606205 0.00234985
706 0.543476 0.544749 0.00234256
707 0.476778 0.477892 0.00233553
708 0.405241 0.406185 0.00232901
709 0.329503 0.330269 0.00232321
710 0.250285 0.250865 0.00231864
711 0.168382 0.168772 0.00231526
712 0.0846534 0.0848492 0.00231322
713 0 0 -nan
714 0 0 -nan
715 0.0751753 0.0753636 0.00250459
716 0.149552 0.149927 0.00250665
717 0.222351 0.222909 0.00250991
718 0.292824 0.293561 0.00251426
719 0.360276 0.361183 0.00251953
720 0.424066 0.425138 0.00252568
721 0.483625 0.48485 0.00253229
722 0.538451 0.539818 0.00253912
723 0.588113 0.589611 0.00254595
724 0.632251 0.633865 0.00255273
725 0.670567 0.672283 0.002559
726 0.702823 0.704626 0.00256456
727 0.728832 0.730704 0.0025692
728 0.748453 0.750379 0.00257301
729 0.761587 0.763548 0.00257561
730 0.768169 0.770149 0.00257694
731 0.768169 0.770149 0.00257694
732 0.761587 0.763548 0.00257585
733 0.748453 0.750379 0.00257348
734 0.728832 0.730705 0.00256991
735 0.702823 0.704626 0.00256527
736 0.670567 0.672284 0.00255995
737 0.632251 0.633866 0.00255391
738 0.588113 0.589611 0.00254736
739 0.538451 0.539819 0.00254053
740 0.483625 0.484851 0.00253392
741 0.424066 0.425138 0.00252754
742 0.360276 0.361184 0.00252162
743 0.292824 0.293561 0.00251635
744 0.222351 0.222909 0.00251223
745 0.149552 0.149928 0.00250919
746 0.0751753 0.0753638 0.00250736
747 0 0 -nan
748 0 0 -nan
749 0.0664989 0.0666781 0.00269583
750 0.132308 0.132665 0.00269771
751 0.196752 0.197283 0.00270068
752 0.259182 0.259883 0.00270463
753 0.318988 0.319852 0.00270941
754 0.375606 0.376626 0.00271502
755 0.428529 0.429695 0.00272104
756 0.477305 0.478607 0.00272727
757 0.521542 0.522967 0.00273348
758 0.560904 0.562441 0.00273968
759 0.595113 0.596746 0.00274541
760 0.623939 0.625655 0.00275049
761 0.647203 0.648986 0.00275472
762 0.664766 0.6666 0.00275823
763 0.676529 0.678396 0.00276062
764 0.682426 0.68431 0.00276184
765 0.682426 0.68431 0.00276184
766 0.676529 0.678396 0.00276088
767 0.664766 0.6666 0.00275873
768 0.647203 0.648987 0.00275548
769 0.623939 0.625656 0.00275124
770 0.595113 0.596747 0.00274642
771 0.560904 0.562441 0.00274094
772 0.521542 0.522968 0.00273499
773 0.477305 0.478608 0.00272877
774 0.428529 0.429696 0.00272279
775 0.375606 0.376627 0.00271701
776 0.318988 0.319853 0.00271165
777 0.259182 0.259883 0.00270686
778 0.196752 0.197284 0.00270315
779 0.132308 0.132665 0.00270043
780 0.0664989 0.0666783 0.00269879
781 0 0 -nan
782 0 0 -nan
783 0.0585154 0.058684 0.00288176
784 0.116436 0.116771 0.00288348
785 0.173177 0.173677 0.00288618
786 0.228176 0.228836 0.00288976
787 0.280902 0.281715 0.0028941
788 0.330861 0.33182 0.00289922
789 0.377602 0.378699 0.0029047
790 0.420723 0.421948 0.00291036
791 0.459871 0.461212 0.00291601
792 0.494739 0.496184 0.00292168
793 0.525069 0.526606 0.00292692
794 0.55065 0.552264 0.00293154
795 0.571309 0.572986 0.00293541
796 0.586915 0.588639 0.00293862
797 0.59737 0.599127 0.00294083
798 0.602614 0.604387 0.00294195
799 0.602614 0.604387 0.00294195
800 0.59737 0.599127 0.0029411
801 0.586915 0.58864 0.00293916
802 0.571309 0.572986 0.00293621
803 0.55065 0.552265 0.00293235
804 0.525069 0.526607 0.00292799
805 0.494739 0.496185 0.00292302
806 0.459871 0.461212 0.00291761
807 0.420723 0.421949 0.00291196
808 0.377602 0.3787 0.00290656
809 0.330861 0.331821 0.00290134
810 0.280902 0.281716 0.00289648
811 0.228176 0.228836 0.00289214
812 0.173177 0.173677 0.00288881
813 0.116436 0.116772 0.00288637
814 0.0585154 0.0586842 0.00288491
815 0 0 -nan
816 0 0 -nan
817 0.0511301 0.0512865 0.0030599
818 0.101749 0.10206 0.00306147
819 0.151352 0.151816 0.00306393
820 0.199456 0.200068 0.00306719
821 0.245599 0.246353 0.00307113
822 0.28935 0.29024 0.0030758
823 0.330315 0.331333 0.0030808
824 0.368138 0.369274 0.00308595
825 0.402503 0.403748 0.00309108
826 0.433137 0.434478 0.00309627
827 0.459805 0.46123 0.00310105
828 0.482311 0.483809 0.00310527
829 0.500499 0.502055 0.00310879
830 0.514244 0.515844 0.00311175
831 0.523457 0.525087 0.00311378
832 0.528078 0.529723 0.00311481
833 0.528078 0.529723 0.00311481
834 0.523457 0.525087 0.00311406
835 0.514244 0.515845 0.00311232
836 0.500499 0.502055 0.00310964
837 0.482311 0.483809 0.00310612
838 0.459805 0.461231 0.00310218
839 0.433137 0.434479 0.00309768
840 0.402503 0.403748 0.00309278
841 0.368138 0.369275 0.00308764
842 0.330315 0.331333 0.00308276
843 0.28935 0.290241 0.00307804
844 0.245599 0.246354 0.00307365
845 0.199456 0.200069 0.00306971
846 0.151352 0.151817 0.00306672
847 0.101749 0.10206 0.00306453
848 0.0511301 0.0512867 0.00306323
849 0 0 -nan
850 0 0 -nan
851 0.0442593 0.0444021 0.00322772
852 0.0880816 0.088366 0.00322916
853 0.131037 0.13146 0.00323141
854 0.172709 0.173267 0.00323438
855 0.212701 0.21339 0.00323796
856 0.250642 0.251455 0.00324224
857 0.286189 0.287118 0.0032468
858 0.319031 0.320068 0.0032515
859 0.348891 0.350027 0.00325618
860 0.375526 0.37675 0.00326093
861 0.398727 0.400029 0.0032653
862 0.418319 0.419687 0.00326916
863 0.434159 0.43558 0.00327237
864 0.446135 0.447597 0.0032751
865 0.454165 0.455653 0.00327697
866 0.458193 0.459695 0.00327792
867 0.458193 0.459695 0.00327792
868 0.454165 0.455653 0.00327727
869 0.446135 0.447597 0.00327569
870 0.434159 0.435581 0.00327326
871 0.418319 0.419687 0.00327005
872 0.398727 0.400029 0.00326649
873 0.375526 0.376751 0.00326241
874 0.348891 0.350028 0.00325796
875 0.319031 0.320069 0.00325328
876 0.286189 0.287119 0.00324887
877 0.250642 0.251455 0.00324461
878 0.212701 0.21339 0.00324062
879 0.172709 0.173268 0.00323704
880 0.131037 0.131461 0.00323435
881 0.0880816 0.0883663 0.00323239
882 0.0442593 0.0444023 0.00323124
883 0 0 -nan
884 0 0 -nan
885 0.0378282 0.0379561 0.00338311
886 0.0752868 0.0755416 0.00338444
887 0.112012 0.112391 0.0033865
888 0.147651 0.148152 0.00338922
889 0.181867 0.182484 0.00339249
890 0.214343 0.215071 0.00339642
891 0.244784 0.245617 0.0034006
892 0.272925 0.273854 0.0034049
893 0.298524 0.299542 0.00340917
894 0.321371 0.322468 0.00341354
895 0.341282 0.342449 0.00341756
896 0.358104 0.359329 0.00342109
897 0.37171 0.372983 0.00342403
898 0.382 0.383309 0.00342655
899 0.388901 0.390234 0.00342828
900 0.392363 0.393709 0.00342916
901 0.392363 0.393709 0.00342916
902 0.388901 0.390234 0.00342859
903 0.382 0.38331 0.00342717
904 0.37171 0.372983 0.00342496
905 0.358104 0.35933 0.00342202
906 0.341282 0.342449 0.0034188
907 0.321371 0.322468 0.00341509
908 0.298524 0.299542 0.00341103
909 0.272925 0.273855 0.00340675
910 0.244784 0.245617 0.00340276
911 0.214343 0.215071 0.00339888
912 0.181867 0.182484 0.00339526
913 0.147651 0.148152 0.00339199
914 0.112012 0.112392 0.00338957
915 0.0752868 0.0755419 0.00338781
916 0.0378282 0.0379563 0.00338678
917 0 0 -nan
918 0 0 -nan
919 0.0317689 0.0318808 0.00352338
920 0.0632302 0.063453 0.00352462
921 0.0940807 0.0944125 0.00352651
922 0.124026 0.124464 0.00352901
923 0.152785 0.153324 0.00353202
924 0.18009 0.180727 0.00353565
925 0.205697 0.206425 0.0035395
926 0.229377 0.23019 0.00354345
927 0.250929 0.251819 0.00354738
928 0.270171 0.271131 0.00355142
929 0.286949 0.287969 0.00355513
930 0.301128 0.3022 0.00355838
931 0.3126 0.313713 0.00356108
932 0.321279 0.322424 0.00356343
933 0.3271 0.328266 0.00356504
934 0.330021 0.331198 0.00356586
935 0.330021 0.331198 0.00356586
936 0.3271 0.328266 0.00356536
937 0.321279 0.322424 0.00356408
938 0.3126 0.313714 0.00356205
939 0.301128 0.3022 0.00355935
940 0.286949 0.287969 0.00355641
941 0.270171 0.271131 0.00355302
942 0.250929 0.251819 0.00354931
943 0.229377 0.23019 0.00354538
944 0.205697 0.206425 0.00354174
945 0.18009 0.180728 0.0035382
946 0.152785 0.153325 0.00353489
947 0.124026 0.124464 0.00353188
948 0.0940807 0.0944128 0.0035297
949 0.0632302 0.0634533 0.00352811
950 0.0317689 0.0318809 0.00352719
951 0 0 -nan
952 0 0 -nan
953 0.0260193 0.0261141 0.00364627
954 0.0517883 0.0519772 0.00364742
955 0.0770605 0.0773417 0.00364919
956 0.101596 0.101967 0.0036515
957 0.125165 0.125622 0.00365428
958 0.147549 0.148089 0.00365767
959 0.168548 0.169165 0.00366124
960 0.187973 0.188662 0.0036649
961 0.205659 0.206413 0.00366854
962 0.221455 0.222268 0.0036723
963 0.235231 0.236096 0.00367575
964 0.246878 0.247787 0.00367877
965 0.256304 0.257248 0.00368127
966 0.263436 0.264407 0.00368347
967 0.268221 0.269209 0.00368497
968 0.270622 0.271619 0.00368574
969 0.270622 0.271619 0.00368574
970 0.268221 0.269209 0.0036853
971 0.263436 0.264407 0.00368413
972 0.256304 0.257248 0.00368226
973 0.246878 0.247787 0.00367976
974 0.235231 0.236096 0.00367707
975 0.221455 0.222268 0.00367395
976 0.205659 0.206414 0.00367052
977 0.187973 0.188663 0.00366689
978 0.168548 0.169165 0.00366355
979 0.147549 0.14809 0.0036603
980 0.125165 0.125623 0.00365725
981 0.101596 0.101967 0.00365447
982 0.0770605 0.077342 0.00365247
983 0.0517883 0.0519774 0.00365103
984 0.0260193 0.0261142 0.0036502
985 0 0 -nan
986 0 0 -nan
987 0.0205215 0.0205985 0.0037497
988 0.0408468 0.041 0.00375079
989 0.0607823 0.0610103 0.00375244
990 0.0801394 0.0804403 0.00375461
991 0.0987374 0.0991084 0.00375721
992 0.116405 0.116843 0.00376039
993 0.132982 0.133483 0.00376374
994 0.148322 0.148881 0.00376717
995 0.162292 0.162904 0.00377056
996 0.174772 0.175432 0.0037741
997 0.18566 0.186361 0.00377734
998 0.194867 0.195603 0.00378017
999 0.202319 0.203084 0.0037825
1000 0.207959 0.208746 0.00378458
1001 0.211743 0.212544 0.003786
1002 0.213642 0.214451 0.00378673
1003 0.213642 0.214451 0.00378673
1004 0.211743 0.212544 0.00378635
1005 0.207959 0.208746 0.00378527
1006 0.202319 0.203084 0.00378353
1007 0.194867 0.195603 0.00378119
1008 0.18566 0.186361 0.0037787
1009 0.174772 0.175432 0.0037758
1010 0.162292 0.162904 0.0037726
1011 0.148322 0.148881 0.00376921
1012 0.132982 0.133483 0.00376612
1013 0.116405 0.116843 0.0037631
1014 0.0987374 0.0991087 0.00376026
1015 0.0801394 0.0804405 0.00375766
1016 0.0607823 0.0610105 0.00375583
1017 0.0408468 0.0410002 0.0037545
1018 0.0205215 0.0205986 0.00375375
1019 0 0 -nan
1020 0 0 -nan
1021 0.0152215 0.0152798 0.00383239
1022 0.030298 0.0304141 0.00383342
1023 0.0450864 0.0452593 0.00383499
1024 0.0594475 0.0596756 0.00383705
1025 0.0732473 0.0735285 0.00383951
1026 0.0863589 0.0866907 0.00384253
1027 0.0986636 0.099043 0.00384571
1028 0.110052 0.110476 0.00384895
1029 0.120425 0.120889 0.00385216
1030 0.129695 0.130195 0.00385552
1031 0.137782 0.138314 0.00385859
1032 0.144623 0.145181 0.00386128
1033 0.15016 0.150741 0.00386349
1034 0.154352 0.154948 0.00386547
1035 0.157164 0.157772 0.00386683
1036 0.158576 0.159189 0.00386752
1037 0.158576 0.159189 0.00386752
1038 0.157164 0.157772 0.00386718
1039 0.154352 0.154948 0.00386617
1040 0.15016 0.150741 0.00386453
1041 0.144623 0.145181 0.00386232
1042 0.137782 0.138314 0.00385998
1043 0.129695 0.130195 0.00385725
1044 0.120425 0.120889 0.00385424
1045 0.110052 0.110476 0.00385103
1046 0.0986636 0.0990433 0.00384812
1047 0.0863589 0.0866909 0.00384528
1048 0.0732473 0.0735287 0.00384261
1049 0.0594475 0.0596758 0.00384015
1050 0.0450864 0.0452595 0.00383843
1051 0.030298 0.0304142 0.0038372
1052 0.0152215 0.0152799 0.0038365
1053 0 0 -nan
1054 0 0 -nan
1055 0.0100675 0.0101067 0.00389257
1056 0.0200393 0.0201173 0.00389356
1057 0.0298212 0.0299373 0.00389508
1058 0.039321 0.0394743 0.00389704
1059 0.0484505 0.0486394 0.0038994
1060 0.0571256 0.0573486 0.00390232
1061 0.065268 0.0655229 0.00390537
1062 0.0728051 0.0730897 0.00390848
1063 0.0796711 0.0799828 0.00391156
1064 0.0858074 0.0861433 0.0039148
1065 0.0911622 0.0915193 0.00391775
1066 0.0956915 0.0960667 0.00392033
1067 0.0993588 0.0997485 0.00392245
1068 0.102135 0.102535 0.00392437
1069 0.103997 0.104406 0.00392568
1070 0.104932 0.105344 0.00392635
1071 0.104932 0.105344 0.00392635
1072 0.103997 0.104406 0.00392603
1073 0.102135 0.102536 0.00392507
1074 0.0993588 0.0997486 0.0039235
1075 0.0956915 0.0960668 0.00392138
1076 0.0911622 0.0915195 0.00391915
1077 0.0858074 0.0861434 0.00391655
1078 0.0796711 0.079983 0.00391366
1079 0.0728051 0.0730898 0.00391058
1080 0.065268 0.0655231 0.00390781
1081 0.0571256 0.0573487 0.0039051
1082 0.0484505 0.0486396 0.00390254
1083 0.039321 0.0394744 0.00390018
1084 0.0298212 0.0299374 0.00389855
1085 0.0200393 0.0201174 0.00389738
1086 0.0100675 0.0101067 0.00389672
1087 0 0 -nan
1088 0 0 -nan
1089 0.0050098 0.00502949 0.00392918
1090 0.0099721 0.0100113 0.00393015
1091 0.01484 0.0148983 0.00393163
1092 0.0195678 0.0196447 0.00393355
1093 0.0241115 0.0242064 0.00393585
1094 0.0284293 0.0285413 0.00393869
1095 0.0324823 0.0326104 0.00394167
1096 0.0362344 0.0363773 0.00394471
1097 0.0396526 0.0398091 0.00394771
1098 0.0427077 0.0428764 0.00395087
1099 0.045374 0.0455534 0.00395376
1100 0.0476294 0.0478179 0.00395627
1101 0.0494557 0.0496514 0.00395834
1102 0.0508381 0.0510394 0.00396021
1103 0.0517657 0.0519708 0.0039615
1104 0.0522314 0.0524383 0.00396215
1105 0.0522314 0.0524383 0.00396215
1106 0.0517657 0.0519708 0.00396185
1107 0.0508381 0.0510395 0.00396092
1108 0.0494557 0.0496515 0.00395939
1109 0.0476294 0.0478179 0.00395733
1110 0.045374 0.0455535 0.00395516
1111 0.0427077 0.0428765 0.00395263
1112 0.0396526 0.0398092 0.00394982
1113 0.0362344 0.0363774 0.00394681
1114 0.0324823 0.0326105 0.00394412
1115 0.0284293 0.0285414 0.00394149
1116 0.0241115 0.0242064 0.003939
1117 0.0195678 0.0196448 0.0039367
1118 0.01484 0.0148984 0.00393512
1119 0.0099721 0.0100113 0.00393399
1120 0.0050098 0.00502951 0.00393335
1121 0 0 -nan
1122 0 1.85051e-76 inf
1123 0 1.32163e-70 inf
1124 0 1.82672e+11 inf
1125 0 4.37179e+222 inf
1126 0 2.7055e+232 inf
1127 0 2.94465e-62 inf
1128 0 9.4019e-154 inf
1129 0 5.99059e-66 inf
1130 0 2.65025e-52 inf
1131 0 1.20152e-152 inf
1132 0 1.24173e+219 inf
1133 0 1.25667e-75 inf
1134 0 6.03944e+19 inf
1135 0 5.06037e-76 inf
1136 0 9.0366e+217 inf
1137 0 1.59059e-28 inf
1138 0 3.06186e-57 inf
1139 0 1.39949e-76 inf
1140 0 2.31861e-52 inf
1141 0 1.69644e-139 inf
1142 0 1.12765e-134 inf
1143 0 1.32577e-75 inf
1144 0 4.58249e-72 inf
1145 0 9.18925e+58 inf
1146 0 9.4369e+164 inf
1147 0 1.44869e-47 inf
1148 0 5.64054e-62 inf
1149 0 1.76778e-76 inf
1150 0 2.79113e+179 inf
1151 0 9.40337e-154 inf
1152 0 1.22046e-152 inf
1153 0 6.20081e+169 inf
1154 0 1.3006e-153 inf
1155 0 1.4318e-90 inf
hamada@hamada-VirtualBox:~/workspace/research-goods/mncore2-emu-code$ ^C
hamada@hamada-VirtualBox:~/workspace/research-goods/mncore2-emu-code$ 

