0 5 5 0
1 5 5 0
2 5 5 0
3 5 5 0
4 5 5 0
5 5 5 0
6 5 5 0
7 5 5 0
8 5 5 0
9 5 5 0
10 5 5 0
11 5 5 0
12 5 5 0
13 5 5 0
14 5 5 0
15 5 5 0
16 5 5 0
17 5 5 0
18 5 5 0
19 5 5 0
20 5 5 0
21 5 5 0
22 5 5 0
23 5 5 0
24 5 5 0
25 5 5 0
26 5 5 0
27 5 5 0
28 5 5 0
29 5 5 0
30 5 5 0
31 5 5 0
32 5 5 0
33 5 5 0
34 5 5 0
35 5 5 0
36 5 5 0
37 5 5 0
38 5 5 0
39 5 5 0
40 5 5 0
41 5 5 0
42 5 5 0
43 5 5 0
44 5 5 0
45 5 5 0
46 5 5 0
47 5 5 0
48 0 0 -nan
49 2.4975 2.49497 -0.00101366
50 3.48326 3.47818 -0.00145986
51 3.94553 3.93785 -0.00194719
52 4.19746 4.18711 -0.00246529
53 4.35174 4.33864 -0.00301166
54 4.45462 4.18711 -0.0600509
55 4.52755 4.33864 -0.0417261
56 4.58161 4.43863 -0.031207
57 4.62302 4.50854 -0.0247642
58 4.65554 4.55938 -0.0206545
59 4.68155 4.59736 -0.0179854
60 4.70266 4.55938 -0.0304663
61 4.71994 4.59736 -0.0259724
62 4.7342 4.62616 -0.0228205
63 4.74598 4.64813 -0.0206172
64 4.75572 4.6648 -0.0191175
65 4.76372 4.67719 -0.0181658
66 4.77023 4.6648 -0.0221015
67 4.77542 4.67719 -0.0205712
68 4.77943 4.68597 -0.019555
69 4.78236 4.6916 -0.0189776
70 4.78428 4.69435 -0.0187951
71 4.78522 4.69435 -0.0189892
72 4.78522 4.69435 -0.0189892
73 4.78428 4.69435 -0.0187951
74 4.78236 4.6916 -0.0189776
75 4.77943 4.68597 -0.019555
76 4.77542 4.67719 -0.0205712
77 4.77023 4.6648 -0.0221015
78 4.76372 4.67719 -0.0181658
79 4.75572 4.6648 -0.0191175
80 4.74598 4.64813 -0.0206172
81 4.7342 4.62616 -0.0228205
82 4.71994 4.59736 -0.0259724
83 4.70266 4.55938 -0.0304663
84 4.68155 4.59736 -0.0179854
85 4.65554 4.55938 -0.0206545
86 4.62302 4.50854 -0.0247642
87 4.58161 4.43863 -0.031207
88 4.52755 4.33864 -0.0417261
89 4.45462 4.18711 -0.0600509
90 4.35174 4.33864 -0.00301166
91 4.19746 4.18711 -0.00246529
92 3.94553 3.93785 -0.00194719
93 3.48326 3.47818 -0.00145986
94 2.4975 2.49497 -0.00101366
95 0 0 -nan
96 0 0 -nan
97 1.50675 1.50171 -0.00334602
98 2.49001 2.47988 -0.00406678
99 3.10141 3.08611 -0.0049327
100 3.49257 3.47197 -0.00589933
101 3.75489 3.72879 -0.00694896
102 3.93918 3.47197 -0.118606
103 4.07398 3.72879 -0.0847296
104 4.17587 3.90736 -0.0643008
105 4.25494 4.03614 -0.0514243
106 4.31759 4.13164 -0.0430675
107 4.36802 4.20388 -0.0375791
108 4.40913 4.13164 -0.0629347
109 4.44292 4.20388 -0.0538037
110 4.47086 4.25915 -0.0473538
111 4.49401 4.30157 -0.0428222
112 4.51318 4.33389 -0.039725
113 4.52895 4.35798 -0.0377508
114 4.54178 4.33389 -0.0457734
115 4.55203 4.35798 -0.0426305
116 4.55995 4.37509 -0.0405392
117 4.56574 4.38609 -0.0393476
118 4.56952 4.39146 -0.0389673
119 4.57139 4.39146 -0.0393607
120 4.57139 4.39146 -0.0393607
121 4.56952 4.39146 -0.0389673
122 4.56574 4.38609 -0.0393476
123 4.55995 4.37509 -0.0405392
124 4.55203 4.35798 -0.0426305
125 4.54178 4.33389 -0.0457734
126 4.52895 4.35798 -0.0377508
127 4.51318 4.33389 -0.039725
128 4.49401 4.30157 -0.0428222
129 4.47086 4.25915 -0.0473538
130 4.44292 4.20388 -0.0538037
131 4.40913 4.13164 -0.0629347
132 4.36802 4.20388 -0.0375791
133 4.31759 4.13164 -0.0430675
134 4.25494 4.03614 -0.0514243
135 4.17587 3.90736 -0.0643008
136 4.07398 3.72879 -0.0847296
137 3.93918 3.47197 -0.118606
138 3.75489 3.72879 -0.00694896
139 3.49257 3.47197 -0.00589933
140 3.10141 3.08611 -0.0049327
141 2.49001 2.47988 -0.00406678
142 1.50675 1.50171 -0.00334602
143 0 0 -nan
144 0 0 -nan
145 1.03948 1.03197 -0.00722366
146 1.86862 1.85354 -0.00807069
147 2.47752 2.45474 -0.00919525
148 2.91655 2.88587 -0.0105186
149 3.23605 3.1972 -0.0120034
150 3.47324 2.88587 -0.169114
151 3.65331 3.1972 -0.124848
152 3.79296 3.42588 -0.0967788
153 3.9033 3.59701 -0.0784692
154 3.99185 3.72717 -0.0663056
155 4.06383 3.82736 -0.0581877
156 4.12291 3.72717 -0.0959873
157 4.17176 3.82736 -0.0825549
158 4.21232 3.90499 -0.0729592
159 4.24604 3.96511 -0.0661634
160 4.27403 4.01121 -0.0614913
161 4.29711 4.04573 -0.0584996
162 4.31593 4.01121 -0.0706026
163 4.33097 4.04573 -0.0658608
164 4.34261 4.07035 -0.0626959
165 4.35112 4.08618 -0.0608883
166 4.35669 4.09394 -0.0603089
167 4.35944 4.09394 -0.0609026
168 4.35944 4.09394 -0.0609026
169 4.35669 4.09394 -0.0603089
170 4.35112 4.08618 -0.0608883
171 4.34261 4.07035 -0.0626959
172 4.33097 4.04573 -0.0658608
173 4.31593 4.01121 -0.0706026
174 4.29711 4.04573 -0.0584996
175 4.27403 4.01121 -0.0614913
176 4.24604 3.96511 -0.0661634
177 4.21232 3.90499 -0.0729592
178 4.17176 3.82736 -0.0825549
179 4.12291 3.72717 -0.0959873
180 4.06383 3.82736 -0.0581877
181 3.99185 3.72717 -0.0663056
182 3.9033 3.59701 -0.0784692
183 3.79296 3.42588 -0.0967788
184 3.65331 3.1972 -0.124848
185 3.47324 2.88587 -0.169114
186 3.23605 3.1972 -0.0120034
187 2.91655 2.88587 -0.0105186
188 2.47752 2.45474 -0.00919525
189 1.86862 1.85354 -0.00807069
190 1.03948 1.03197 -0.00722366
191 0 0 -nan
192 0 0 -nan
193 0.782554 0.772641 -0.0126678
194 1.46746 1.44755 -0.0135667
195 2.02351 1.99344 -0.0148603
196 2.46004 2.41956 -0.0164571
197 2.79952 2.74827 -0.0183062
198 3.06442 2.41956 -0.210436
199 3.27308 2.74827 -0.160341
200 3.43936 3.00196 -0.127176
201 3.57343 3.19884 -0.104827
202 3.68268 3.35265 -0.0896171
203 3.77253 3.47341 -0.0792877
204 3.84694 3.35265 -0.128489
205 3.90889 3.47341 -0.111408
206 3.96062 3.56835 -0.0990431
207 4.00382 3.64267 -0.0902014
208 4.03979 3.70012 -0.0840815
209 4.06954 3.74339 -0.0801454
210 4.09385 3.70012 -0.0961776
211 4.11332 3.74339 -0.0899363
212 4.12841 3.77437 -0.0857555
213 4.13944 3.79437 -0.0833627
214 4.14667 3.80417 -0.0825964
215 4.15025 3.80417 -0.0833871
216 4.15025 3.80417 -0.0833871
217 4.14667 3.80417 -0.0825964
218 4.13944 3.79437 -0.0833627
219 4.12841 3.77437 -0.0857555
220 4.11332 3.74339 -0.0899363
221 4.09385 3.70012 -0.0961776
222 4.06954 3.74339 -0.0801454
223 4.03979 3.70012 -0.0840815
224 4.00382 3.64267 -0.0902014
225 3.96062 3.56835 -0.0990431
226 3.90889 3.47341 -0.111408
227 3.84694 3.35265 -0.128489
228 3.77253 3.47341 -0.0792877
229 3.68268 3.35265 -0.0896171
230 3.57343 3.19884 -0.104827
231 3.43936 3.00196 -0.127176
232 3.27308 2.74827 -0.160341
233 3.06442 2.41956 -0.210436
234 2.79952 2.74827 -0.0183062
235 2.46004 2.41956 -0.0164571
236 2.02351 1.99344 -0.0148603
237 1.46746 1.44755 -0.0135667
238 0.782554 0.772641 -0.0126678
239 0 0 -nan
240 0 0 -nan
241 0.623278 0.611042 -0.0196322
242 1.19516 1.17059 -0.0205592
243 1.68903 1.65192 -0.0219692
244 2.10059 2.05064 -0.0237778
245 2.43758 0 -1
246 2.71184 0 -1
247 2.93523 2.37437 -0.191079
248 3.11799 2.63484 -0.154956
249 3.26839 2.84375 -0.129924
250 3.39294 3.01119 -0.112512
251 3.49666 0 -1
252 3.58344 0 -1
253 3.65626 3.14529 -0.139754
254 3.71746 3.25232 -0.125122
255 3.76882 3.33709 -0.114554
256 3.81178 3.4032 -0.107187
257 3.84743 0 -1
258 3.87663 0 -1
259 3.90007 3.45333 -0.114548
260 3.91826 3.48939 -0.109454
261 3.93159 3.51274 -0.106533
262 3.94032 3.52421 -0.105603
263 3.94465 0 -1
264 3.94465 0 -1
265 3.94032 3.52421 -0.105603
266 3.93159 3.51274 -0.106533
267 3.91826 3.48939 -0.109454
268 3.90007 3.45333 -0.114548
269 3.87663 0 -1
270 3.84743 0 -1
271 3.81178 3.4032 -0.107187
272 3.76882 3.33709 -0.114554
273 3.71746 3.25232 -0.125122
274 3.65626 3.14529 -0.139754
275 3.58344 0 -1
276 3.49666 0 -1
277 3.39294 3.01119 -0.112512
278 3.26839 2.84375 -0.129924
279 3.11799 2.63484 -0.154956
280 2.93523 2.37437 -0.191079
281 2.71184 0 -1
282 2.43758 0 -1
283 2.10059 2.05064 -0.0237778
284 1.68903 1.65192 -0.0219692
285 1.19516 1.17059 -0.0205592
286 0.623278 0.611042 -0.0196322
287 0 0 -nan
288 0 0 -nan
289 0.515403 0.772641 0.499101
290 1.00087 1.44755 0.446296
291 1.43685 1.99344 0.387373
292 1.81572 2.41956 0.332561
293 2.13836 0 -1
294 2.41014 0 -1
295 2.63802 2.74827 0.0417918
296 2.82897 3.00196 0.0611494
297 2.98921 3.19884 0.0701294
298 3.12403 3.35265 0.0731833
299 3.23776 0 -1
300 3.3339 0 -1
301 3.41528 3.47341 0.0170226
302 3.48413 3.56835 0.0241724
303 3.54225 3.64267 0.0283472
304 3.59109 3.70012 0.0303619
305 3.63176 0 -1
306 3.66519 0 -1
307 3.69209 3.74339 0.0138949
308 3.71299 3.77437 0.0165311
309 3.72833 3.79437 0.0177119
310 3.7384 3.80417 0.0175942
311 3.74339 0 -1
312 3.74339 0 -1
313 3.7384 3.80417 0.0175942
314 3.72833 3.79437 0.0177119
315 3.71299 3.77437 0.0165311
316 3.69209 3.74339 0.0138949
317 3.66519 0 -1
318 3.63176 0 -1
319 3.59109 3.70012 0.0303619
320 3.54225 3.64267 0.0283472
321 3.48413 3.56835 0.0241724
322 3.41528 3.47341 0.0170226
323 3.3339 0 -1
324 3.23776 0 -1
325 3.12403 3.35265 0.0731833
326 2.98921 3.19884 0.0701294
327 2.82897 3.00196 0.0611494
328 2.63802 2.74827 0.0417918
329 2.41014 0 -1
330 2.13836 0 -1
331 1.81572 2.41956 0.332561
332 1.43685 1.99344 0.387373
333 1.00087 1.44755 0.446296
334 0.515403 0.772641 0.499101
335 0 0 -nan
336 0 0 -nan
337 0.437466 0.611042 0.396776
338 0.856066 1.17059 0.367401
339 1.24178 1.65192 0.330287
340 1.58708 2.05064 0.292087
341 1.89002 2.37437 0.256266
342 2.15235 2.05064 -0.0472554
343 2.37776 2.37437 -0.00142483
344 2.57066 2.63484 0.024965
345 2.73546 2.84375 0.0395856
346 2.87621 3.01119 0.0469302
347 2.99644 3.14529 0.049674
348 3.09914 3.01119 -0.0283783
349 3.18682 3.14529 -0.0130332
350 3.26154 3.25232 -0.00282675
351 3.32499 3.33709 0.0036388
352 3.37856 3.4032 0.00729418
353 3.42336 3.45333 0.00875291
354 3.4603 3.4032 -0.0165014
355 3.4901 3.45333 -0.0105358
356 3.51331 3.48939 -0.00680733
357 3.53037 3.51274 -0.00499195
358 3.54157 3.52421 -0.00490113
359 3.54712 3.52421 -0.00645916
360 3.54712 3.52421 -0.00645916
361 3.54157 3.52421 -0.00490113
362 3.53037 3.51274 -0.00499195
363 3.51331 3.48939 -0.00680733
364 3.4901 3.45333 -0.0105358
365 3.4603 3.4032 -0.0165014
366 3.42336 3.45333 0.00875291
367 3.37856 3.4032 0.00729418
368 3.32499 3.33709 0.0036388
369 3.26154 3.25232 -0.00282675
370 3.18682 3.14529 -0.0130332
371 3.09914 3.01119 -0.0283783
372 2.99644 3.14529 0.049674
373 2.87621 3.01119 0.0469302
374 2.73546 2.84375 0.0395856
375 2.57066 2.63484 0.024965
376 2.37776 2.37437 -0.00142483
377 2.15235 2.05064 -0.0472554
378 1.89002 2.37437 0.256266
379 1.58708 2.05064 0.292087
380 1.24178 1.65192 0.330287
381 0.856066 1.17059 0.367401
382 0.437466 0.611042 0.396776
383 0 0 -nan
384 0 0 -nan
385 0.378396 0.500941 0.323853
386 0.744157 0.971831 0.305949
387 1.08712 1.39301 0.281375
388 1.4008 1.75672 0.254088
389 1.6823 2.06374 0.226734
390 1.93149 1.75672 -0.0904829
391 2.15001 2.06374 -0.0401271
392 2.34046 2.31926 -0.00905392
393 2.50578 2.53012 0.00971356
394 2.64893 2.70309 0.020445
395 2.77266 2.84422 0.0258069
396 2.87942 2.70309 -0.0612387
397 2.97134 2.84422 -0.0427824
398 3.05023 2.95855 -0.0300558
399 3.11763 3.05017 -0.0216371
400 3.17481 3.12228 -0.0165477
401 3.22284 3.17732 -0.0141234
402 3.26258 3.12228 -0.0430018
403 3.29471 3.17732 -0.0356289
404 3.3198 3.21713 -0.0309259
405 3.33827 3.24299 -0.0285397
406 3.35041 3.25572 -0.0282616
407 3.35643 3.25572 -0.0300055
408 3.35643 3.25572 -0.0300055
409 3.35041 3.25572 -0.0282616
410 3.33827 3.24299 -0.0285397
411 3.3198 3.21713 -0.0309259
412 3.29471 3.17732 -0.0356289
413 3.26258 3.12228 -0.0430018
414 3.22284 3.17732 -0.0141234
415 3.17481 3.12228 -0.0165477
416 3.11763 3.05017 -0.0216371
417 3.05023 2.95855 -0.0300558
418 2.97134 2.84422 -0.0427824
419 2.87942 2.70309 -0.0612387
420 2.77266 2.84422 0.0258069
421 2.64893 2.70309 0.020445
422 2.50578 2.53012 0.00971356
423 2.34046 2.31926 -0.00905392
424 2.15001 2.06374 -0.0401271
425 1.93149 1.75672 -0.0904829
426 1.6823 2.06374 0.226734
427 1.4008 1.75672 0.254088
428 1.08712 1.39301 0.281375
429 0.744157 0.971831 0.305949
430 0.378396 0.500941 0.323853
431 0 0 -nan
432 0 0 -nan
433 0.331964 0.420892 0.267884
434 0.655051 0.822792 0.256074
435 0.961744 1.19155 0.238947
436 1.2467 1.51951 0.218825
437 1.5069 1.80459 0.197549
438 1.74131 1.51951 -0.127373
439 1.95035 1.80459 -0.0747349
440 2.13538 2.04837 -0.0407488
441 2.29828 2.25437 -0.0191028
442 2.44109 2.42683 -0.00584088
443 2.56587 2.56994 0.00158541
444 2.67456 2.42683 -0.0926241
445 2.7689 2.56994 -0.071854
446 2.85043 2.6875 -0.0571588
447 2.9205 2.78277 -0.0471594
448 2.98025 2.85841 -0.0408796
449 3.03063 2.91656 -0.0376407
450 3.07246 2.85841 -0.069667
451 3.10639 2.91656 -0.0611102
452 3.13294 2.95882 -0.0555755
453 3.15251 2.98637 -0.0526989
454 3.16539 2.99996 -0.052262
455 3.17179 2.99996 -0.0541731
456 3.17179 2.99996 -0.0541731
457 3.16539 2.99996 -0.052262
458 3.15251 2.98637 -0.0526989
459 3.13294 2.95882 -0.0555755
460 3.10639 2.91656 -0.0611102
461 3.07246 2.85841 -0.069667
462 3.03063 2.91656 -0.0376407
463 2.98025 2.85841 -0.0408796
464 2.9205 2.78277 -0.0471594
465 2.85043 2.6875 -0.0571588
466 2.7689 2.56994 -0.071854
467 2.67456 2.42683 -0.0926241
468 2.56587 2.56994 0.00158541
469 2.44109 2.42683 -0.00584088
470 2.29828 2.25437 -0.0191028
471 2.13538 2.04837 -0.0407488
472 1.95035 1.80459 -0.0747349
473 1.74131 1.51951 -0.127373
474 1.5069 1.80459 0.197549
475 1.2467 1.51951 0.218825
476 0.961744 1.19155 0.238947
477 0.655051 0.822792 0.256074
478 0.331964 0.420892 0.267884
479 0 0 -nan
480 0 0 -nan
481 0.29441 0.359833 0.222217
482 0.582341 0.706896 0.213888
483 0.858109 1.03089 0.201348
484 1.11737 1.32518 0.185985
485 1.3573 1.58674 0.169037
486 1.5765 1.32518 -0.159413
487 1.7747 1.58674 -0.105912
488 1.95246 1.81524 -0.0702785
489 2.11087 2.01217 -0.0467553
490 2.25129 2.17992 -0.0317012
491 2.37519 2.32121 -0.0227279
492 2.48406 2.17992 -0.122437
493 2.57928 2.32121 -0.100053
494 2.66211 2.43875 -0.0839051
495 2.73371 2.53499 -0.0726924
496 2.79505 2.61205 -0.0654747
497 2.847 2.67167 -0.0615845
498 2.89028 2.61205 -0.0962631
499 2.92547 2.67167 -0.0867551
500 2.95307 2.71522 -0.0805421
501 2.97345 2.74371 -0.0772634
502 2.98689 2.75779 -0.0767
503 2.99356 2.75779 -0.0787583
504 2.99356 2.75779 -0.0787583
505 2.98689 2.75779 -0.0767
506 2.97345 2.74371 -0.0772634
507 2.95307 2.71522 -0.0805421
508 2.92547 2.67167 -0.0867551
509 2.89028 2.61205 -0.0962631
510 2.847 2.67167 -0.0615845
511 2.79505 2.61205 -0.0654747
512 2.73371 2.53499 -0.0726924
513 2.66211 2.43875 -0.0839051
514 2.57928 2.32121 -0.100053
515 2.48406 2.17992 -0.122437
516 2.37519 2.32121 -0.0227279
517 2.25129 2.17992 -0.0317012
518 2.11087 2.01217 -0.0467553
519 1.95246 1.81524 -0.0702785
520 1.7747 1.58674 -0.105912
521 1.5765 1.32518 -0.159413
522 1.3573 1.58674 0.169037
523 1.11737 1.32518 0.185985
524 0.858109 1.03089 0.201348
525 0.582341 0.706896 0.213888
526 0.29441 0.359833 0.222217
527 0 0 -nan
528 0 0 -nan
529 0.263338 0.311545 0.183061
530 0.521797 0.614072 0.176843
531 0.770987 0.899921 0.167233
532 1.00737 1.1636 0.155083
533 1.22845 0 -1
534 1.4327 0 -1
535 1.6195 1.40193 -0.134344
536 1.78891 1.6137 -0.0979403
537 1.94146 1.79916 -0.0732969
538 2.07801 1.95946 -0.0570513
539 2.19957 0 -1
540 2.30723 0 -1
541 2.40205 2.09624 -0.127315
542 2.48506 2.21129 -0.110165
543 2.55719 2.30639 -0.0980769
544 2.61928 2.38312 -0.0901622
545 2.67207 0 -1
546 2.71619 0 -1
547 2.75217 2.44286 -0.11239
548 2.78045 2.48669 -0.105651
549 2.80137 2.51546 -0.10206
550 2.81517 2.52971 -0.101402
551 2.82203 0 -1
552 2.82203 0 -1
553 2.81517 2.52971 -0.101402
554 2.80137 2.51546 -0.10206
555 2.78045 2.48669 -0.105651
556 2.75217 2.44286 -0.11239
557 2.71619 0 -1
558 2.67207 0 -1
559 2.61928 2.38312 -0.0901622
560 2.55719 2.30639 -0.0980769
561 2.48506 2.21129 -0.110165
562 2.40205 2.09624 -0.127315
563 2.30723 0 -1
564 2.19957 0 -1
565 2.07801 1.95946 -0.0570513
566 1.94146 1.79916 -0.0732969
567 1.78891 1.6137 -0.0979403
568 1.6195 1.40193 -0.134344
569 1.4327 0 -1
570 1.22845 0 -1
571 1.00737 1.1636 0.155083
572 0.770987 0.899921 0.167233
573 0.521797 0.614072 0.176843
574 0.263338 0.311545 0.183061
575 0 0 -nan
576 0 0 -nan
577 0.237148 0.359833 0.517337
578 0.470524 0.706896 0.50236
579 0.696673 1.03089 0.479731
580 0.912701 1.32518 0.451936
581 1.11642 0 -1
582 1.30635 0 -1
583 1.4817 1.58674 0.0708861
584 1.64222 1.81524 0.10536
585 1.78808 2.01217 0.125329
586 1.91974 2.17992 0.135527
587 2.03788 0 -1
588 2.14325 0 -1
589 2.23666 2.32121 0.0378003
590 2.31891 2.43875 0.0516804
591 2.39073 2.53499 0.0603397
592 2.45283 2.61205 0.0649104
593 2.50583 0 -1
594 2.55027 0 -1
595 2.5866 2.67167 0.0328893
596 2.61522 2.71522 0.0382411
597 2.63642 2.74371 0.040698
598 2.65042 2.75779 0.0405102
599 2.65739 0 -1
600 2.65739 0 -1
601 2.65042 2.75779 0.0405102
602 2.63642 2.74371 0.040698
603 2.61522 2.71522 0.0382411
604 2.5866 2.67167 0.0328893
605 2.55027 0 -1
606 2.50583 0 -1
607 2.45283 2.61205 0.0649104
608 2.39073 2.53499 0.0603397
609 2.31891 2.43875 0.0516804
610 2.23666 2.32121 0.0378003
611 2.14325 0 -1
612 2.03788 0 -1
613 1.91974 2.17992 0.135527
614 1.78808 2.01217 0.125329
615 1.64222 1.81524 0.10536
616 1.4817 1.58674 0.0708861
617 1.30635 0 -1
618 1.11642 0 -1
619 0.912701 1.32518 0.451936
620 0.696673 1.03089 0.479731
621 0.470524 0.706896 0.50236
622 0.237148 0.359833 0.517337
623 0 0 -nan
624 0 0 -nan
625 0.214731 0.311545 0.450861
626 0.426482 0.614072 0.439854
627 0.632484 0.899921 0.422836
628 0.830349 1.1636 0.401339
629 1.01818 1.40193 0.376897
630 1.19461 1.1636 -0.0259541
631 1.35876 1.40193 0.0317724
632 1.51021 1.6137 0.0685271
633 1.6489 1.79916 0.0911294
634 1.77502 1.95946 0.10391
635 1.88897 2.09624 0.109727
636 1.99126 1.95946 -0.0159692
637 2.08247 2.09624 0.00661202
638 2.16319 2.21129 0.0222354
639 2.23402 2.30639 0.0323919
640 2.29552 2.38312 0.038163
641 2.34818 2.44286 0.0403179
642 2.39247 2.38312 -0.00390734
643 2.42878 2.44286 0.0057971
644 2.45743 2.48669 0.0119092
645 2.47869 2.51546 0.0148361
646 2.49275 2.52971 0.0148258
647 2.49975 2.52971 0.0119844
648 2.49975 2.52971 0.0119844
649 2.49275 2.52971 0.0148258
650 2.47869 2.51546 0.0148361
651 2.45743 2.48669 0.0119092
652 2.42878 2.44286 0.0057971
653 2.39247 2.38312 -0.00390734
654 2.34818 2.44286 0.0403179
655 2.29552 2.38312 0.038163
656 2.23402 2.30639 0.0323919
657 2.16319 2.21129 0.0222354
658 2.08247 2.09624 0.00661202
659 1.99126 1.95946 -0.0159692
660 1.88897 2.09624 0.109727
661 1.77502 1.95946 0.10391
662 1.6489 1.79916 0.0911294
663 1.51021 1.6137 0.0685271
664 1.35876 1.40193 0.0317724
665 1.19461 1.1636 -0.0259541
666 1.01818 1.40193 0.376897
667 0.830349 1.1636 0.401339
668 0.632484 0.899921 0.422836
669 0.426482 0.614072 0.439854
670 0.214731 0.311545 0.450861
671 0 0 -nan
672 0 0 -nan
673 0.195297 0.272276 0.394161
674 0.388195 0.537927 0.385714
675 0.576438 0.791124 0.372435
676 0.758039 1.02737 0.355298
677 0.931358 1.24368 0.335337
678 1.09514 1.02737 -0.0618866
679 1.24852 1.24368 -0.00388258
680 1.39098 1.43847 0.03414
681 1.5223 1.6113 0.0584673
682 1.64248 1.76252 0.0730836
683 1.75173 1.89298 0.0806343
684 1.85037 1.76252 -0.0474743
685 1.93878 1.89298 -0.0236198
686 2.0174 2.0038 -0.00674229
687 2.08668 2.09615 0.00453927
688 2.14706 2.17119 0.0112415
689 2.19893 2.22994 0.0140983
690 2.24268 2.17119 -0.0318779
691 2.27863 2.22994 -0.021372
692 2.30706 2.27323 -0.0146632
693 2.32818 2.30173 -0.0113625
694 2.34217 2.31586 -0.0112303
695 2.34913 2.31586 -0.0141621
696 2.34913 2.31586 -0.0141621
697 2.34217 2.31586 -0.0112303
698 2.32818 2.30173 -0.0113625
699 2.30706 2.27323 -0.0146632
700 2.27863 2.22994 -0.021372
701 2.24268 2.17119 -0.0318779
702 2.19893 2.22994 0.0140983
703 2.14706 2.17119 0.0112415
704 2.08668 2.09615 0.00453927
705 2.0174 2.0038 -0.00674229
706 1.93878 1.89298 -0.0236198
707 1.85037 1.76252 -0.0474743
708 1.75173 1.89298 0.0806343
709 1.64248 1.76252 0.0730836
710 1.5223 1.6113 0.0584673
711 1.39098 1.43847 0.03414
712 1.24852 1.24368 -0.00388258
713 1.09514 1.02737 -0.0618866
714 0.931358 1.24368 0.335337
715 0.758039 1.02737 0.355298
716 0.576438 0.791124 0.372435
717 0.388195 0.537927 0.385714
718 0.195297 0.272276 0.394161
719 0 0 -nan
720 0 0 -nan
721 0.178265 0.239631 0.344239
722 0.354566 0.474235 0.337511
723 0.527041 0.699278 0.326802
724 0.694018 0.911071 0.312748
725 0.85408 1.10694 0.29606
726 1.0061 0.911071 -0.0944489
727 1.14923 1.10694 -0.0367978
728 1.28292 1.28521 0.00178425
729 1.40685 1.44506 0.0271603
730 1.5209 1.58634 0.0430256
731 1.62514 1.70938 0.0518342
732 1.71972 1.58634 -0.0775584
733 1.8049 1.70938 -0.0529233
734 1.88097 1.81476 -0.0352007
735 1.94827 1.90323 -0.0231167
736 2.00712 1.97556 -0.0157245
737 2.05784 2.03246 -0.0123329
738 2.10073 1.97556 -0.0595843
739 2.13605 2.03246 -0.048494
740 2.16402 2.07456 -0.0413395
741 2.18484 2.10235 -0.0377552
742 2.19864 2.11616 -0.0375139
743 2.20552 2.11616 -0.0405144
744 2.20552 2.11616 -0.0405144
745 2.19864 2.11616 -0.0375139
746 2.18484 2.10235 -0.0377552
747 2.16402 2.07456 -0.0413395
748 2.13605 2.03246 -0.048494
749 2.10073 1.97556 -0.0595843
750 2.05784 2.03246 -0.0123329
751 2.00712 1.97556 -0.0157245
752 1.94827 1.90323 -0.0231167
753 1.88097 1.81476 -0.0352007
754 1.8049 1.70938 -0.0529233
755 1.71972 1.58634 -0.0775584
756 1.62514 1.70938 0.0518342
757 1.5209 1.58634 0.0430256
758 1.40685 1.44506 0.0271603
759 1.28292 1.28521 0.00178425
760 1.14923 1.10694 -0.0367978
761 1.0061 0.911071 -0.0944489
762 0.85408 1.10694 0.29606
763 0.694018 0.911071 0.312748
764 0.527041 0.699278 0.326802
765 0.354566 0.474235 0.337511
766 0.178265 0.239631 0.344239
767 0 0 -nan
768 0 0 -nan
769 0.163199 0.212011 0.299097
770 0.324767 0.420106 0.293562
771 0.483148 0.620684 0.284666
772 0.636923 0.8107 0.272839
773 0.78486 0.987803 0.258572
774 0.925946 0.8107 -0.124463
775 1.05939 0.987803 -0.0675749
776 1.18463 1.15036 -0.0289293
777 1.30128 1.29738 -0.00300413
778 1.40917 1.42841 0.0136561
779 1.50822 1.54342 0.0233386
780 1.5985 1.42841 -0.106406
781 1.68015 1.54342 -0.0813777
782 1.75335 1.64264 -0.0631436
783 1.81834 1.72646 -0.0505288
784 1.87534 1.79535 -0.0426549
785 1.92462 1.84979 -0.038876
786 1.96638 1.79535 -0.0869754
787 2.00084 1.84979 -0.075491
788 2.02818 1.89021 -0.0680254
789 2.04855 1.91696 -0.0642389
790 2.06207 1.93027 -0.0639183
791 2.06881 1.93027 -0.0669673
792 2.06881 1.93027 -0.0669673
793 2.06207 1.93027 -0.0639183
794 2.04855 1.91696 -0.0642389
795 2.02818 1.89021 -0.0680254
796 2.00084 1.84979 -0.075491
797 1.96638 1.79535 -0.0869754
798 1.92462 1.84979 -0.038876
799 1.87534 1.79535 -0.0426549
800 1.81834 1.72646 -0.0505288
801 1.75335 1.64264 -0.0631436
802 1.68015 1.54342 -0.0813777
803 1.5985 1.42841 -0.106406
804 1.50822 1.54342 0.0233386
805 1.40917 1.42841 0.0136561
806 1.30128 1.29738 -0.00300413
807 1.18463 1.15036 -0.0289293
808 1.05939 0.987803 -0.0675749
809 0.925946 0.8107 -0.124463
810 0.78486 0.987803 0.258572
811 0.636923 0.8107 0.272839
812 0.483148 0.620684 0.284666
813 0.324767 0.420106 0.293562
814 0.163199 0.212011 0.299097
815 0 0 -nan
816 0 0 -nan
817 0.149766 0.188307 0.257346
818 0.29816 0.373494 0.252663
819 0.443867 0.55265 0.245079
820 0.585673 0.723241 0.234888
821 0.722504 0 -1
822 0.85345 0 -1
823 0.97778 0.883217 -0.0967121
824 1.09493 1.03104 -0.0583518
825 1.20452 1.16568 -0.0322456
826 1.30628 1.28651 -0.0151384
827 1.4001 0 -1
828 1.48594 0 -1
829 1.56387 1.39326 -0.109094
830 1.63397 1.48591 -0.0906156
831 1.69641 1.56461 -0.0776935
832 1.75134 1.62959 -0.0695132
833 1.79893 0 -1
834 1.83936 0 -1
835 1.87278 1.68115 -0.102326
836 1.89934 1.71954 -0.0946664
837 1.91915 1.74499 -0.0907485
838 1.93231 1.75768 -0.0903745
839 1.93887 0 -1
840 1.93887 0 -1
841 1.93231 1.75768 -0.0903745
842 1.91915 1.74499 -0.0907485
843 1.89934 1.71954 -0.0946664
844 1.87278 1.68115 -0.102326
845 1.83936 0 -1
846 1.79893 0 -1
847 1.75134 1.62959 -0.0695132
848 1.69641 1.56461 -0.0776935
849 1.63397 1.48591 -0.0906156
850 1.56387 1.39326 -0.109094
851 1.48594 0 -1
852 1.4001 0 -1
853 1.30628 1.28651 -0.0151384
854 1.20452 1.16568 -0.0322456
855 1.09493 1.03104 -0.0583518
856 0.97778 0.883217 -0.0967121
857 0.85345 0 -1
858 0.722504 0 -1
859 0.585673 0.723241 0.234888
860 0.443867 0.55265 0.245079
861 0.29816 0.373494 0.252663
862 0.149766 0.188307 0.257346
863 0 0 -nan
864 0 0 -nan
865 0.137706 0.212011 0.539596
866 0.274246 0.420106 0.53186
867 0.408496 0.620684 0.519436
868 0.539409 0.8107 0.502941
869 0.666043 0 -1
870 0.787585 0 -1
871 0.90336 0.987803 0.0934771
872 1.01283 1.15036 0.135785
873 1.11559 1.29738 0.162948
874 1.21137 1.42841 0.179174
875 1.29998 0 -1
876 1.38133 0 -1
877 1.45543 1.54342 0.0604578
878 1.5223 1.64264 0.0790519
879 1.58202 1.72646 0.0913015
880 1.63469 1.79535 0.0982811
881 1.68044 0 -1
882 1.71938 0 -1
883 1.75163 1.84979 0.0560439
884 1.77729 1.89021 0.0635391
885 1.79645 1.91696 0.067081
886 1.80918 1.93027 0.0669263
887 1.81554 0 -1
888 1.81554 0 -1
889 1.80918 1.93027 0.0669263
890 1.79645 1.91696 0.067081
891 1.77729 1.89021 0.0635391
892 1.75163 1.84979 0.0560439
893 1.71938 0 -1
894 1.68044 0 -1
895 1.63469 1.79535 0.0982811
896 1.58202 1.72646 0.0913015
897 1.5223 1.64264 0.0790519
898 1.45543 1.54342 0.0604578
899 1.38133 0 -1
900 1.29998 0 -1
901 1.21137 1.42841 0.179174
902 1.11559 1.29738 0.162948
903 1.01283 1.15036 0.135785
904 0.90336 0.987803 0.0934771
905 0.787585 0 -1
906 0.666043 0 -1
907 0.539409 0.8107 0.502941
908 0.408496 0.620684 0.519436
909 0.274246 0.420106 0.53186
910 0.137706 0.212011 0.539596
911 0 0 -nan
912 0 0 -nan
913 0.126813 0.188307 0.484916
914 0.252626 0.373494 0.478445
915 0.37647 0.55265 0.46798
916 0.497433 0.723241 0.453948
917 0.614687 0.883217 0.436856
918 0.727503 0.723241 -0.00585847
919 0.835261 0.883217 0.0574141
920 0.937452 1.03104 0.0998357
921 1.03368 1.16568 0.127701
922 1.12364 1.28651 0.144949
923 1.20713 1.39326 0.154194
924 1.28402 1.28651 0.00193885
925 1.35425 1.39326 0.0288074
926 1.4178 1.48591 0.0480399
927 1.4747 1.56461 0.0609652
928 1.52501 1.62959 0.0685796
929 1.56879 1.68115 0.0716198
930 1.60613 1.62959 0.0146119
931 1.63709 1.68115 0.0269113
932 1.66176 1.71954 0.0347671
933 1.68021 1.74499 0.0385592
934 1.69247 1.75768 0.0385278
935 1.6986 1.75768 0.0347838
936 1.6986 1.75768 0.0347838
937 1.69247 1.75768 0.0385278
938 1.68021 1.74499 0.0385592
939 1.66176 1.71954 0.0347671
940 1.63709 1.68115 0.0269113
941 1.60613 1.62959 0.0146119
942 1.56879 1.68115 0.0716198
943 1.52501 1.62959 0.0685796
944 1.4747 1.56461 0.0609652
945 1.4178 1.48591 0.0480399
946 1.35425 1.39326 0.0288074
947 1.28402 1.28651 0.00193885
948 1.20713 1.39326 0.154194
949 1.12364 1.28651 0.144949
950 1.03368 1.16568 0.127701
951 0.937452 1.03104 0.0998357
952 0.835261 0.883217 0.0574141
953 0.727503 0.723241 -0.00585847
954 0.614687 0.883217 0.436856
955 0.497433 0.723241 0.453948
956 0.37647 0.55265 0.46798
957 0.252626 0.373494 0.478445
958 0.126813 0.188307 0.484916
959 0 0 -nan
960 0 0 -nan
961 0.116924 0.167723 0.434466
962 0.232982 0.332914 0.428926
963 0.347331 0.493181 0.419916
964 0.459175 0.646398 0.407737
965 0.567781 0.790779 0.392754
966 0.672494 0.646398 -0.0388054
967 0.772746 0.790779 0.0233366
968 0.868059 0.92492 0.0655029
969 0.958046 1.04779 0.0936699
970 1.0424 1.15868 0.11155
971 1.1209 1.25719 0.121592
972 1.19339 1.15868 -0.0290845
973 1.25977 1.25719 -0.00204175
974 1.31998 1.34313 0.0175416
975 1.37402 1.41647 0.0308975
976 1.42189 1.47727 0.0389507
977 1.46363 1.52566 0.0423874
978 1.49928 1.47727 -0.0146779
979 1.52889 1.52566 -0.00210789
980 1.55251 1.5618 0.00598426
981 1.57018 1.5858 0.0099497
982 1.58194 1.59778 0.0100117
983 1.58782 1.59778 0.00627529
984 1.58782 1.59778 0.00627529
985 1.58194 1.59778 0.0100117
986 1.57018 1.5858 0.0099497
987 1.55251 1.5618 0.00598426
988 1.52889 1.52566 -0.00210789
989 1.49928 1.47727 -0.0146779
990 1.46363 1.52566 0.0423874
991 1.42189 1.47727 0.0389507
992 1.37402 1.41647 0.0308975
993 1.31998 1.34313 0.0175416
994 1.25977 1.25719 -0.00204175
995 1.19339 1.15868 -0.0290845
996 1.1209 1.25719 0.121592
997 1.0424 1.15868 0.11155
998 0.958046 1.04779 0.0936699
999 0.868059 0.92492 0.0655029
1000 0.772746 0.790779 0.0233366
1001 0.672494 0.646398 -0.0388054
1002 0.567781 0.790779 0.392754
1003 0.459175 0.646398 0.407737
1004 0.347331 0.493181 0.419916
1005 0.232982 0.332914 0.428926
1006 0.116924 0.167723 0.434466
1007 0 0 -nan
1008 0 0 -nan
1009 0.107903 0.149673 0.387101
1010 0.215051 0.297256 0.382261
1011 0.320706 0.440763 0.374353
1012 0.424166 0.57839 0.363593
1013 0.524781 0.708584 0.350246
1014 0.621962 0.57839 -0.0700556
1015 0.715188 0.708584 -0.00923428
1016 0.804014 0.830071 0.0324091
1017 0.888067 0.941864 0.060577
1018 0.967046 1.04324 0.0787882
1019 1.04072 1.13371 0.0893504
1020 1.1089 1.04324 -0.0592163
1021 1.17148 1.13371 -0.0322463
1022 1.22837 1.21297 -0.0125413
1023 1.27953 1.28086 0.00104594
1024 1.32493 1.33735 0.00937585
1025 1.36458 1.38244 0.0130881
1026 1.3985 1.33735 -0.0437259
1027 1.42671 1.38244 -0.0310285
1028 1.44924 1.41619 -0.0228052
1029 1.4661 1.43864 -0.018732
1030 1.47734 1.44985 -0.0186017
1031 1.48295 1.44985 -0.0223154
1032 1.48295 1.44985 -0.0223154
1033 1.47734 1.44985 -0.0186017
1034 1.4661 1.43864 -0.018732
1035 1.44924 1.41619 -0.0228052
1036 1.42671 1.38244 -0.0310285
1037 1.3985 1.33735 -0.0437259
1038 1.36458 1.38244 0.0130881
1039 1.32493 1.33735 0.00937585
1040 1.27953 1.28086 0.00104594
1041 1.22837 1.21297 -0.0125413
1042 1.17148 1.13371 -0.0322463
1043 1.1089 1.04324 -0.0592163
1044 1.04072 1.13371 0.0893504
1045 0.967046 1.04324 0.0787882
1046 0.888067 0.941864 0.060577
1047 0.804014 0.830071 0.0324091
1048 0.715188 0.708584 -0.00923428
1049 0.621962 0.57839 -0.0700556
1050 0.524781 0.708584 0.350246
1051 0.424166 0.57839 0.363593
1052 0.320706 0.440763 0.374353
1053 0.215051 0.297256 0.382261
1054 0.107903 0.149673 0.387101
1055 0 0 -nan
1056 0 0 -nan
1057 0.0996408 0.133711 0.341928
1058 0.198618 0.265676 0.337625
1059 0.296282 0.394224 0.330568
1060 0.392013 0.517815 0.320913
1061 0.485229 0.635094 0.308856
1062 0.575399 0.517815 -0.100077
1063 0.662048 0.635094 -0.0407123
1064 0.744761 0.744918 0.000210373
1065 0.823185 0.846359 0.0281521
1066 0.897024 0.938703 0.0464628
1067 0.966043 1.02142 0.0573276
1068 1.03005 0.938703 -0.0886849
1069 1.08891 1.02142 -0.0619805
1070 1.14253 1.09416 -0.0423359
1071 1.19082 1.15667 -0.0286783
1072 1.23376 1.20883 -0.0202039
1073 1.27131 1.25057 -0.0163156
1074 1.30348 1.20883 -0.0726106
1075 1.33026 1.25057 -0.0599047
1076 1.35166 1.28186 -0.0516384
1077 1.3677 1.30272 -0.0475125
1078 1.37839 1.31314 -0.0473346
1079 1.38373 1.31314 -0.0510117
1080 1.38373 1.31314 -0.0510117
1081 1.37839 1.31314 -0.0473346
1082 1.3677 1.30272 -0.0475125
1083 1.35166 1.28186 -0.0516384
1084 1.33026 1.25057 -0.0599047
1085 1.30348 1.20883 -0.0726106
1086 1.27131 1.25057 -0.0163156
1087 1.23376 1.20883 -0.0202039
1088 1.19082 1.15667 -0.0286783
1089 1.14253 1.09416 -0.0423359
1090 1.08891 1.02142 -0.0619805
1091 1.03005 0.938703 -0.0886849
1092 0.966043 1.02142 0.0573276
1093 0.897024 0.938703 0.0464628
1094 0.823185 0.846359 0.0281521
1095 0.744761 0.744918 0.000210373
1096 0.662048 0.635094 -0.0407123
1097 0.575399 0.517815 -0.100077
1098 0.485229 0.635094 0.308856
1099 0.392013 0.517815 0.320913
1100 0.296282 0.394224 0.330568
1101 0.198618 0.265676 0.337625
1102 0.0996408 0.133711 0.341928
1103 0 0 -nan
1104 0 0 -nan
1105 0.0920448 0.119494 0.298218
1106 0.183503 0.237515 0.294335
1107 0.273801 0.352641 0.287947
1108 0.362384 0.463551 0.279169
1109 0.448735 0 -1
1110 0.532372 0 -1
1111 0.612861 0.569061 -0.0714685
1112 0.689818 0.668147 -0.0314167
1113 0.762909 0.759952 -0.00387543
1114 0.831849 0.84379 0.0143552
1115 0.896402 0 -1
1116 0.956379 0 -1
1117 1.01163 0.919128 -0.091437
1118 1.06203 0.985569 -0.071998
1119 1.10751 1.04283 -0.0583993
1120 1.148 1.09073 -0.0498879
1121 1.18346 0 -1
1122 1.21387 0 -1
1123 1.23922 1.12914 -0.0888304
1124 1.25949 1.15798 -0.0805943
1125 1.27469 1.17723 -0.0764612
1126 1.28483 1.18686 -0.0762525
1127 1.28989 0 -1
1128 1.28989 0 -1
1129 1.28483 1.18686 -0.0762525
1130 1.27469 1.17723 -0.0764612
1131 1.25949 1.15798 -0.0805943
1132 1.23922 1.12914 -0.0888304
1133 1.21387 0 -1
1134 1.18346 0 -1
1135 1.148 1.09073 -0.0498879
1136 1.10751 1.04283 -0.0583993
1137 1.06203 0.985569 -0.071998
1138 1.01163 0.919128 -0.091437
1139 0.956379 0 -1
1140 0.896402 0 -1
1141 0.831849 0.84379 0.0143552
1142 0.762909 0.759952 -0.00387543
1143 0.689818 0.668147 -0.0314167
1144 0.612861 0.569061 -0.0714685
1145 0.532372 0 -1
1146 0.448735 0 -1
1147 0.362384 0.463551 0.279169
1148 0.273801 0.352641 0.287947
1149 0.183503 0.237515 0.294335
1150 0.0920448 0.119494 0.298218
1151 0 0 -nan
1152 0 0 -nan
1153 0.0850379 0.133711 0.572367
1154 0.169555 0.265676 0.566903
1155 0.25304 0.394224 0.557948
1156 0.335 0.517815 0.545714
1157 0.414968 0 -1
1158 0.492509 0 -1
1159 0.567226 0.635094 0.11965
1160 0.638763 0.744918 0.166189
1161 0.706806 0.846359 0.197442
1162 0.771084 0.938703 0.217381
1163 0.831366 0 -1
1164 0.887462 0 -1
1165 0.939215 1.02142 0.0875293
1166 0.9865 1.09416 0.10913
1167 1.02922 1.15667 0.123831
1168 1.06731 1.20883 0.132598
1169 1.1007 0 -1
1170 1.12937 0 -1
1171 1.15329 1.25057 0.0843529
1172 1.17243 1.28186 0.0933398
1173 1.18679 1.30272 0.0976792
1174 1.19637 1.31314 0.0976036
1175 1.20116 0 -1
1176 1.20116 0 -1
1177 1.19637 1.31314 0.0976036
1178 1.18679 1.30272 0.0976792
1179 1.17243 1.28186 0.0933398
1180 1.15329 1.25057 0.0843529
1181 1.12937 0 -1
1182 1.1007 0 -1
1183 1.06731 1.20883 0.132598
1184 1.02922 1.15667 0.123831
1185 0.9865 1.09416 0.10913
1186 0.939215 1.02142 0.0875293
1187 0.887462 0 -1
1188 0.831366 0 -1
1189 0.771084 0.938703 0.217381
1190 0.706806 0.846359 0.197442
1191 0.638763 0.744918 0.166189
1192 0.567226 0.635094 0.11965
1193 0.492509 0 -1
1194 0.414968 0 -1
1195 0.335 0.517815 0.545714
1196 0.25304 0.394224 0.557948
1197 0.169555 0.265676 0.566903
1198 0.0850379 0.133711 0.572367
1199 0 0 -nan
1200 0 0 -nan
1201 0.0785543 0.119494 0.521167
1202 0.156644 0.237515 0.516268
1203 0.233813 0.352641 0.508216
1204 0.309619 0.463551 0.497167
1205 0.383641 0.569061 0.483318
1206 0.455485 0.463551 0.0177091
1207 0.524788 0.569061 0.0843642
1208 0.591221 0.668147 0.130113
1209 0.654491 0.759952 0.161135
1210 0.714339 0.84379 0.181218
1211 0.770544 0.919128 0.19283
1212 0.822916 0.84379 0.0253656
1213 0.871299 0.919128 0.0548938
1214 0.915563 0.985569 0.0764632
1215 0.955604 1.04283 0.0912827
1216 0.99134 1.09073 0.100258
1217 1.02271 1.12914 0.104066
1218 1.04966 1.09073 0.039126
1219 1.07216 1.12914 0.05314
1220 1.09019 1.15798 0.0621868
1221 1.10372 1.17723 0.0666014
1222 1.11275 1.18686 0.0666001
1223 1.11726 1.18686 0.0622897
1224 1.11726 1.18686 0.0622897
1225 1.11275 1.18686 0.0666001
1226 1.10372 1.17723 0.0666014
1227 1.09019 1.15798 0.0621868
1228 1.07216 1.12914 0.05314
1229 1.04966 1.09073 0.039126
1230 1.02271 1.12914 0.104066
1231 0.99134 1.09073 0.100258
1232 0.955604 1.04283 0.0912827
1233 0.915563 0.985569 0.0764632
1234 0.871299 0.919128 0.0548938
1235 0.822916 0.84379 0.0253656
1236 0.770544 0.919128 0.19283
1237 0.714339 0.84379 0.181218
1238 0.654491 0.759952 0.161135
1239 0.591221 0.668147 0.130113
1240 0.524788 0.569061 0.0843642
1241 0.455485 0.463551 0.0177091
1242 0.383641 0.569061 0.483318
1243 0.309619 0.463551 0.497167
1244 0.233813 0.352641 0.508216
1245 0.156644 0.237515 0.516268
1246 0.0785543 0.119494 0.521167
1247 0 0 -nan
1248 0 0 -nan
1249 0.0725377 0.106751 0.471667
1250 0.14466 0.212248 0.467219
1251 0.215957 0.315273 0.459889
1252 0.286032 0.414687 0.449795
1253 0.354504 0.509453 0.437085
1254 0.421017 0.414687 -0.0150346
1255 0.485238 0.509453 0.0499029
1256 0.546863 0.598655 0.0947073
1257 0.605619 0.681513 0.125316
1258 0.661262 0.757377 0.145351
1259 0.71358 0.825728 0.157162
1260 0.762389 0.757377 -0.00657349
1261 0.807532 0.825728 0.0225326
1262 0.84888 0.886159 0.0439158
1263 0.886323 0.938363 0.0587151
1264 0.919775 0.982118 0.0677816
1265 0.949165 1.01727 0.0717495
1266 0.974438 0.982118 0.00788149
1267 0.995553 1.01727 0.0218102
1268 1.01248 1.0437 0.0308394
1269 1.02519 1.06136 0.0352799
1270 1.03367 1.0702 0.0353332
1271 1.03792 1.0702 0.0311
1272 1.03792 1.0702 0.0311
1273 1.03367 1.0702 0.0353332
1274 1.02519 1.06136 0.0352799
1275 1.01248 1.0437 0.0308394
1276 0.995553 1.01727 0.0218102
1277 0.974438 0.982118 0.00788149
1278 0.949165 1.01727 0.0717495
1279 0.919775 0.982118 0.0677816
1280 0.886323 0.938363 0.0587151
1281 0.84888 0.886159 0.0439158
1282 0.807532 0.825728 0.0225326
1283 0.762389 0.757377 -0.00657349
1284 0.71358 0.825728 0.157162
1285 0.661262 0.757377 0.145351
1286 0.605619 0.681513 0.125316
1287 0.546863 0.598655 0.0947073
1288 0.485238 0.509453 0.0499029
1289 0.421017 0.414687 -0.0150346
1290 0.354504 0.509453 0.437085
1291 0.286032 0.414687 0.449795
1292 0.215957 0.315273 0.459889
1293 0.14466 0.212248 0.467219
1294 0.0725377 0.106751 0.471667
1295 0 0 -nan
1296 0 0 -nan
1297 0.0669394 0.0952636 0.423131
1298 0.133506 0.189451 0.41905
1299 0.199331 0.281517 0.41231
1300 0.264057 0.370473 0.403001
1301 0.327341 0.455408 0.391233
1302 0.388857 0.370473 -0.0472783
1303 0.448302 0.455408 0.0158509
1304 0.505395 0.535509 0.0595844
1305 0.559883 0.610066 0.0896328
1306 0.611536 0.678479 0.109467
1307 0.660152 0.740249 0.12133
1308 0.705555 0.678479 -0.0383763
1309 0.747592 0.740249 -0.00982304
1310 0.786132 0.794975 0.0112477
1311 0.821067 0.842343 0.0259124
1312 0.852305 0.882113 0.0349734
1313 0.879773 0.914108 0.0390274
1314 0.903411 0.882113 -0.0235749
1315 0.923172 0.914108 -0.00981802
1316 0.93902 0.938202 -0.0008717
1317 0.950928 0.954307 0.00355345
1318 0.958877 0.962372 0.00364553
1319 0.962854 0.962372 -0.000500254
1320 0.962854 0.962372 -0.000500254
1321 0.958877 0.962372 0.00364553
1322 0.950928 0.954307 0.00355345
1323 0.93902 0.938202 -0.0008717
1324 0.923172 0.914108 -0.00981802
1325 0.903411 0.882113 -0.0235749
1326 0.879773 0.914108 0.0390274
1327 0.852305 0.882113 0.0349734
1328 0.821067 0.842343 0.0259124
1329 0.786132 0.794975 0.0112477
1330 0.747592 0.740249 -0.00982304
1331 0.705555 0.678479 -0.0383763
1332 0.660152 0.740249 0.12133
1333 0.611536 0.678479 0.109467
1334 0.559883 0.610066 0.0896328
1335 0.505395 0.535509 0.0595844
1336 0.448302 0.455408 0.0158509
1337 0.388857 0.370473 -0.0472783
1338 0.327341 0.455408 0.391233
1339 0.264057 0.370473 0.403001
1340 0.199331 0.281517 0.41231
1341 0.133506 0.189451 0.41905
1342 0.0669394 0.0952636 0.423131
1343 0 0 -nan
1344 0 0 -nan
1345 0.0617168 0.0848516 0.374855
1346 0.123098 0.168777 0.371078
1347 0.183812 0.250872 0.364831
1348 0.243536 0.330278 0.356179
1349 0.301958 0.406197 0.345209
1350 0.358784 0.330278 -0.0794507
1351 0.413734 0.406197 -0.0182183
1352 0.466552 0.477906 0.024334
1353 0.517002 0.544765 0.0536998
1354 0.56487 0.606223 0.0732082
1355 0.609964 0.661812 0.0850021
1356 0.652116 0.606223 -0.0703757
1357 0.691178 0.661812 -0.0424863
1358 0.727022 0.711148 -0.0218343
1359 0.75954 0.75392 -0.00739963
1360 0.788641 0.789884 0.00157608
1361 0.814247 0.818852 0.0056558
1362 0.836297 0.789884 -0.0554988
1363 0.854741 0.818852 -0.0419881
1364 0.86954 0.840688 -0.0331803
1365 0.880663 0.855295 -0.0288053
1366 0.88809 0.862614 -0.0286869
1367 0.891807 0.862614 -0.0327352
1368 0.891807 0.862614 -0.0327352
1369 0.88809 0.862614 -0.0286869
1370 0.880663 0.855295 -0.0288053
1371 0.86954 0.840688 -0.0331803
1372 0.854741 0.818852 -0.0419881
1373 0.836297 0.789884 -0.0554988
1374 0.814247 0.818852 0.0056558
1375 0.788641 0.789884 0.00157608
1376 0.75954 0.75392 -0.00739963
1377 0.727022 0.711148 -0.0218343
1378 0.691178 0.661812 -0.0424863
1379 0.652116 0.606223 -0.0703757
1380 0.609964 0.661812 0.0850021
1381 0.56487 0.606223 0.0732082
1382 0.517002 0.544765 0.0536998
1383 0.466552 0.477906 0.024334
1384 0.413734 0.406197 -0.0182183
1385 0.358784 0.330278 -0.0794507
1386 0.301958 0.406197 0.345209
1387 0.243536 0.330278 0.356179
1388 0.183812 0.250872 0.364831
1389 0.123098 0.168777 0.371078
1390 0.0617168 0.0848516 0.374855
1391 0 0 -nan
1392 0 0 -nan
1393 0.0568323 0.0753661 0.326113
1394 0.113362 0.149932 0.322595
1395 0.169291 0.222916 0.316767
1396 0.224325 0.29357 0.308681
1397 0.278185 0 -1
1398 0.3306 0 -1
1399 0.381316 0.361195 -0.0527667
1400 0.430098 0.425152 -0.0115001
1401 0.476726 0.484866 0.0170749
1402 0.521001 0.539836 0.0361509
1403 0.562744 0 -1
1404 0.601794 0 -1
1405 0.638011 0.58963 -0.0758304
1406 0.671269 0.633886 -0.0556903
1407 0.701464 0.672306 -0.0415676
1408 0.728503 0.704649 -0.0327446
1409 0.752311 0 -1
1410 0.772825 0 -1
1411 0.789992 0.730728 -0.0750178
1412 0.803772 0.750403 -0.0663974
1413 0.814133 0.763573 -0.0621024
1414 0.821052 0.770174 -0.0619676
1415 0.824516 0 -1
1416 0.824516 0 -1
1417 0.821052 0.770174 -0.0619676
1418 0.814133 0.763573 -0.0621024
1419 0.803772 0.750403 -0.0663974
1420 0.789992 0.730728 -0.0750178
1421 0.772825 0 -1
1422 0.752311 0 -1
1423 0.728503 0.704649 -0.0327446
1424 0.701464 0.672306 -0.0415676
1425 0.671269 0.633886 -0.0556903
1426 0.638011 0.58963 -0.0758304
1427 0.601794 0 -1
1428 0.562744 0 -1
1429 0.521001 0.539836 0.0361509
1430 0.476726 0.484866 0.0170749
1431 0.430098 0.425152 -0.0115001
1432 0.381316 0.361195 -0.0527667
1433 0.3306 0 -1
1434 0.278185 0 -1
1435 0.224325 0.29357 0.308681
1436 0.169291 0.222916 0.316767
1437 0.113362 0.149932 0.322595
1438 0.0568323 0.0753661 0.326113
1439 0 0 -nan
1440 0 0 -nan
1441 0.0522529 0.0848516 0.623864
1442 0.104233 0.168777 0.619228
1443 0.15567 0.250872 0.611562
1444 0.2063 0.330278 0.600957
1445 0.255868 0 -1
1446 0.304129 0 -1
1447 0.35085 0.406197 0.157749
1448 0.395815 0.477906 0.207395
1449 0.438823 0.544765 0.241424
1450 0.479688 0.606223 0.263787
1451 0.518242 0 -1
1452 0.554334 0 -1
1453 0.587829 0.661812 0.125858
1454 0.61861 0.711148 0.14959
1455 0.646573 0.75392 0.166024
1456 0.67163 0.789884 0.17607
1457 0.693704 0 -1
1458 0.712733 0 -1
1459 0.728665 0.818852 0.12377
1460 0.741458 0.840688 0.13383
1461 0.75108 0.855295 0.138754
1462 0.757508 0.862614 0.138753
1463 0.760725 0 -1
1464 0.760725 0 -1
1465 0.757508 0.862614 0.138753
1466 0.75108 0.855295 0.138754
1467 0.741458 0.840688 0.13383
1468 0.728665 0.818852 0.12377
1469 0.712733 0 -1
1470 0.693704 0 -1
1471 0.67163 0.789884 0.17607
1472 0.646573 0.75392 0.166024
1473 0.61861 0.711148 0.14959
1474 0.587829 0.661812 0.125858
1475 0.554334 0 -1
1476 0.518242 0 -1
1477 0.479688 0.606223 0.263787
1478 0.438823 0.544765 0.241424
1479 0.395815 0.477906 0.207395
1480 0.35085 0.406197 0.157749
1481 0.304129 0 -1
1482 0.255868 0 -1
1483 0.2063 0.330278 0.600957
1484 0.15567 0.250872 0.611562
1485 0.104233 0.168777 0.619228
1486 0.0522529 0.0848516 0.623864
1487 0 0 -nan
1488 0 0 -nan
1489 0.0479488 0.0753661 0.571803
1490 0.0956513 0.149932 0.567487
1491 0.142864 0.222916 0.560341
1492 0.189347 0.29357 0.550432
1493 0.234871 0.361195 0.537848
1494 0.279211 0.29357 0.0514289
1495 0.322157 0.361195 0.121179
1496 0.363509 0.425152 0.169575
1497 0.403083 0.484866 0.202892
1498 0.440707 0.539836 0.22493
1499 0.476225 0.58963 0.238133
1500 0.509495 0.539836 0.0595501
1501 0.54039 0.58963 0.0911185
1502 0.568798 0.633886 0.11443
1503 0.59462 0.672306 0.130647
1504 0.617771 0.704649 0.140632
1505 0.638176 0.730728 0.145027
1506 0.655773 0.704649 0.0745309
1507 0.670512 0.730728 0.0898057
1508 0.682351 0.750403 0.0997311
1509 0.691258 0.763573 0.104613
1510 0.697209 0.770174 0.104653
1511 0.700188 0.770174 0.0999525
1512 0.700188 0.770174 0.0999525
1513 0.697209 0.770174 0.104653
1514 0.691258 0.763573 0.104613
1515 0.682351 0.750403 0.0997311
1516 0.670512 0.730728 0.0898057
1517 0.655773 0.704649 0.0745309
1518 0.638176 0.730728 0.145027
1519 0.617771 0.704649 0.140632
1520 0.59462 0.672306 0.130647
1521 0.568798 0.633886 0.11443
1522 0.54039 0.58963 0.0911185
1523 0.509495 0.539836 0.0595501
1524 0.476225 0.58963 0.238133
1525 0.440707 0.539836 0.22493
1526 0.403083 0.484866 0.202892
1527 0.363509 0.425152 0.169575
1528 0.322157 0.361195 0.121179
1529 0.279211 0.29357 0.0514289
1530 0.234871 0.361195 0.537848
1531 0.189347 0.29357 0.550432
1532 0.142864 0.222916 0.560341
1533 0.0956513 0.149932 0.567487
1534 0.0479488 0.0753661 0.571803
1535 0 0 -nan
1536 0 0 -nan
1537 0.0438933 0.0666805 0.51915
1538 0.0875644 0.13267 0.515109
1539 0.130793 0.19729 0.508411
1540 0.173364 0.259892 0.499109
1541 0.215068 0.319863 0.487268
1542 0.255701 0.259892 0.0163899
1543 0.295073 0.319863 0.0840152
1544 0.333 0.376639 0.131049
1545 0.369314 0.429711 0.163538
1546 0.403855 0.478624 0.185137
1547 0.43648 0.522986 0.198189
1548 0.467057 0.478624 0.0247662
1549 0.495466 0.522986 0.0555442
1550 0.521601 0.56246 0.078335
1551 0.545369 0.596767 0.0942456
1552 0.566687 0.625677 0.104097
1553 0.585486 0.649009 0.108497
1554 0.601704 0.625677 0.0398418
1555 0.615293 0.649009 0.0547967
1556 0.626211 0.666623 0.0645345
1557 0.634427 0.67842 0.0693433
1558 0.639917 0.684334 0.0694114
1559 0.642665 0.684334 0.0648374
1560 0.642665 0.684334 0.0648374
1561 0.639917 0.684334 0.0694114
1562 0.634427 0.67842 0.0693433
1563 0.626211 0.666623 0.0645345
1564 0.615293 0.649009 0.0547967
1565 0.601704 0.625677 0.0398418
1566 0.585486 0.649009 0.108497
1567 0.566687 0.625677 0.104097
1568 0.545369 0.596767 0.0942456
1569 0.521601 0.56246 0.078335
1570 0.495466 0.522986 0.0555442
1571 0.467057 0.478624 0.0247662
1572 0.43648 0.522986 0.198189
1573 0.403855 0.478624 0.185137
1574 0.369314 0.429711 0.163538
1575 0.333 0.376639 0.131049
1576 0.295073 0.319863 0.0840152
1577 0.255701 0.259892 0.0163899
1578 0.215068 0.319863 0.487268
1579 0.173364 0.259892 0.499109
1580 0.130793 0.19729 0.508411
1581 0.0875644 0.13267 0.515109
1582 0.0438933 0.0666805 0.51915
1583 0 0 -nan
1584 0 0 -nan
1585 0.0400622 0.0586862 0.464878
1586 0.0799242 0.116776 0.461081
1587 0.119388 0.173683 0.454782
1588 0.158258 0.228844 0.446021
1589 0.196345 0.281726 0.43485
1590 0.233467 0.228844 -0.0197987
1591 0.269447 0.281726 0.0455685
1592 0.304122 0.331832 0.0911164
1593 0.337335 0.378713 0.122663
1594 0.368941 0.421964 0.143717
1595 0.398807 0.461229 0.156523
1596 0.42681 0.421964 -0.0113546
1597 0.45284 0.461229 0.0185249
1598 0.476798 0.496203 0.0406982
1599 0.498595 0.526626 0.0562202
1600 0.518153 0.552285 0.0658709
1601 0.535407 0.573007 0.0702283
1602 0.550297 0.552285 0.0036119
1603 0.562776 0.573007 0.0181792
1604 0.572806 0.588661 0.02768
1605 0.580354 0.599149 0.0323854
1606 0.585399 0.604409 0.0324733
1607 0.587925 0.604409 0.0280372
1608 0.587925 0.604409 0.0280372
1609 0.585399 0.604409 0.0324733
1610 0.580354 0.599149 0.0323854
1611 0.572806 0.588661 0.02768
1612 0.562776 0.573007 0.0181792
1613 0.550297 0.552285 0.0036119
1614 0.535407 0.573007 0.0702283
1615 0.518153 0.552285 0.0658709
1616 0.498595 0.526626 0.0562202
1617 0.476798 0.496203 0.0406982
1618 0.45284 0.461229 0.0185249
1619 0.42681 0.421964 -0.0113546
1620 0.398807 0.461229 0.156523
1621 0.368941 0.421964 0.143717
1622 0.337335 0.378713 0.122663
1623 0.304122 0.331832 0.0911164
1624 0.269447 0.281726 0.0455685
1625 0.233467 0.228844 -0.0197987
1626 0.196345 0.281726 0.43485
1627 0.158258 0.228844 0.446021
1628 0.119388 0.173683 0.454782
1629 0.0799242 0.116776 0.461081
1630 0.0400622 0.0586862 0.464878
1631 0 0 -nan
1632 0 0 -nan
1633 0.0364334 0.0512886 0.407735
1634 0.0726868 0.102064 0.404163
1635 0.108582 0.151822 0.39823
1636 0.143943 0.200076 0.389969
1637 0.178599 0.246363 0.37942
1638 0.212385 0.200076 -0.0579568
1639 0.245143 0.246363 0.00497674
1640 0.276722 0.290252 0.0488922
1641 0.306981 0.331346 0.0793705
1642 0.335786 0.369289 0.0997724
1643 0.363017 0.403764 0.112245
1644 0.388559 0.369289 -0.0495954
1645 0.412312 0.403764 -0.0207322
1646 0.434181 0.434495 0.000722868
1647 0.454086 0.461249 0.0157735
1648 0.471953 0.483828 0.0251609
1649 0.487719 0.502074 0.0294329
1650 0.501331 0.483828 -0.0349122
1651 0.512741 0.502074 -0.0208025
1652 0.521913 0.515864 -0.0115888
1653 0.528817 0.525107 -0.00701567
1654 0.533432 0.529743 -0.00691535
1655 0.535743 0.529743 -0.0111992
1656 0.535743 0.529743 -0.0111992
1657 0.533432 0.529743 -0.00691535
1658 0.528817 0.525107 -0.00701567
1659 0.521913 0.515864 -0.0115888
1660 0.512741 0.502074 -0.0208025
1661 0.501331 0.483828 -0.0349122
1662 0.487719 0.502074 0.0294329
1663 0.471953 0.483828 0.0251609
1664 0.454086 0.461249 0.0157735
1665 0.434181 0.434495 0.000722868
1666 0.412312 0.403764 -0.0207322
1667 0.388559 0.369289 -0.0495954
1668 0.363017 0.403764 0.112245
1669 0.335786 0.369289 0.0997724
1670 0.306981 0.331346 0.0793705
1671 0.276722 0.290252 0.0488922
1672 0.245143 0.246363 0.00497674
1673 0.212385 0.200076 -0.0579568
1674 0.178599 0.246363 0.37942
1675 0.143943 0.200076 0.389969
1676 0.108582 0.151822 0.39823
1677 0.0726868 0.102064 0.404163
1678 0.0364334 0.0512886 0.407735
1679 0 0 -nan
1680 0 0 -nan
1681 0.0329866 0.044404 0.346121
1682 0.0658119 0.0883697 0.342762
1683 0.0983157 0.131466 0.337179
1684 0.130341 0.173275 0.329398
1685 0.161733 0 -1
1686 0.192344 0 -1
1687 0.222031 0.213399 -0.0388794
1688 0.250658 0.251465 0.0032193
1689 0.278097 0.28713 0.0324828
1690 0.304226 0.320082 0.0521164
1691 0.328936 0 -1
1692 0.352121 0 -1
1693 0.373689 0.350042 -0.0632816
1694 0.393554 0.376766 -0.0426584
1695 0.411641 0.400046 -0.0281683
1696 0.427881 0.419704 -0.0191094
1697 0.442215 0 -1
1698 0.454593 0 -1
1699 0.464972 0.435598 -0.0631741
1700 0.473317 0.447615 -0.054302
1701 0.4796 0.455672 -0.0498915
1702 0.483799 0.459714 -0.0497847
1703 0.485903 0 -1
1704 0.485903 0 -1
1705 0.483799 0.459714 -0.0497847
1706 0.4796 0.455672 -0.0498915
1707 0.473317 0.447615 -0.054302
1708 0.464972 0.435598 -0.0631741
1709 0.454593 0 -1
1710 0.442215 0 -1
1711 0.427881 0.419704 -0.0191094
1712 0.411641 0.400046 -0.0281683
1713 0.393554 0.376766 -0.0426584
1714 0.373689 0.350042 -0.0632816
1715 0.352121 0 -1
1716 0.328936 0 -1
1717 0.304226 0.320082 0.0521164
1718 0.278097 0.28713 0.0324828
1719 0.250658 0.251465 0.0032193
1720 0.222031 0.213399 -0.0388794
1721 0.192344 0 -1
1722 0.161733 0 -1
1723 0.130341 0.173275 0.329398
1724 0.0983157 0.131466 0.337179
1725 0.0658119 0.0883697 0.342762
1726 0.0329866 0.044404 0.346121
1727 0 0 -nan
1728 0 0 -nan
1729 0.0297032 0.0512886 0.726703
1730 0.0592623 0.102064 0.722243
1731 0.0885343 0.151822 0.71484
1732 0.117379 0.200076 0.704535
1733 0.145658 0 -1
1734 0.173238 0 -1
1735 0.199992 0.246363 0.231863
1736 0.225797 0.290252 0.285452
1737 0.250538 0.331346 0.322539
1738 0.274105 0.369289 0.347254
1739 0.296397 0 -1
1740 0.317321 0 -1
1741 0.336791 0.403764 0.198854
1742 0.35473 0.434495 0.224863
1743 0.371066 0.461249 0.243036
1744 0.385739 0.483828 0.254289
1745 0.398693 0 -1
1746 0.409882 0 -1
1747 0.419266 0.502074 0.197509
1748 0.426812 0.515864 0.208647
1749 0.432493 0.525107 0.214139
1750 0.436292 0.529743 0.214195
1751 0.438194 0 -1
1752 0.438194 0 -1
1753 0.436292 0.529743 0.214195
1754 0.432493 0.525107 0.214139
1755 0.426812 0.515864 0.208647
1756 0.419266 0.502074 0.197509
1757 0.409882 0 -1
1758 0.398693 0 -1
1759 0.385739 0.483828 0.254289
1760 0.371066 0.461249 0.243036
1761 0.35473 0.434495 0.224863
1762 0.336791 0.403764 0.198854
1763 0.317321 0 -1
1764 0.296397 0 -1
1765 0.274105 0.369289 0.347254
1766 0.250538 0.331346 0.322539
1767 0.225797 0.290252 0.285452
1768 0.199992 0.246363 0.231863
1769 0.173238 0 -1
1770 0.145658 0 -1
1771 0.117379 0.200076 0.704535
1772 0.0885343 0.151822 0.71484
1773 0.0592623 0.102064 0.722243
1774 0.0297032 0.0512886 0.726703
1775 0 0 -nan
1776 0 0 -nan
1777 0.0265656 0.044404 0.671487
1778 0.0530033 0.0883697 0.66725
1779 0.0791861 0.131466 0.660213
1780 0.104989 0.173275 0.650408
1781 0.13029 0.213399 0.637878
1782 0.15497 0.173275 0.118121
1783 0.178914 0.213399 0.192742
1784 0.202015 0.251465 0.244786
1785 0.224167 0.28713 0.280874
1786 0.245274 0.320082 0.304994
1787 0.265245 0.350042 0.319692
1788 0.283994 0.320082 0.12707
1789 0.301446 0.350042 0.161209
1790 0.317528 0.376766 0.18656
1791 0.332178 0.400046 0.204311
1792 0.345339 0.419704 0.21534
1793 0.356961 0.435598 0.220296
1794 0.367001 0.419704 0.143604
1795 0.375423 0.435598 0.160287
1796 0.382196 0.447615 0.171166
1797 0.387297 0.455672 0.176545
1798 0.390707 0.459714 0.17662
1799 0.392415 0.459714 0.171499
1800 0.392415 0.459714 0.171499
1801 0.390707 0.459714 0.17662
1802 0.387297 0.455672 0.176545
1803 0.382196 0.447615 0.171166
1804 0.375423 0.435598 0.160287
1805 0.367001 0.419704 0.143604
1806 0.356961 0.435598 0.220296
1807 0.345339 0.419704 0.21534
1808 0.332178 0.400046 0.204311
1809 0.317528 0.376766 0.18656
1810 0.301446 0.350042 0.161209
1811 0.283994 0.320082 0.12707
1812 0.265245 0.350042 0.319692
1813 0.245274 0.320082 0.304994
1814 0.224167 0.28713 0.280874
1815 0.202015 0.251465 0.244786
1816 0.178914 0.213399 0.192742
1817 0.15497 0.173275 0.118121
1818 0.13029 0.213399 0.637878
1819 0.104989 0.173275 0.650408
1820 0.0791861 0.131466 0.660213
1821 0.0530033 0.0883697 0.66725
1822 0.0265656 0.044404 0.671487
1823 0 0 -nan
1824 0 0 -nan
1825 0.0235576 0.0379578 0.611279
1826 0.0470024 0.075545 0.607257
1827 0.0702227 0.112396 0.600572
1828 0.093108 0.148158 0.591249
1829 0.115551 0.182492 0.579325
1830 0.137446 0.148158 0.07794
1831 0.158692 0.182492 0.149977
1832 0.179193 0.21508 0.200271
1833 0.198856 0.245627 0.235201
1834 0.217596 0.273866 0.2586
1835 0.23533 0.299555 0.272914
1836 0.251984 0.273866 0.0868394
1837 0.267488 0.299555 0.119882
1838 0.281779 0.322482 0.14445
1839 0.2948 0.342464 0.161681
1840 0.3065 0.359345 0.172416
1841 0.316833 0.372999 0.177273
1842 0.325762 0.359345 0.103091
1843 0.333252 0.372999 0.119269
1844 0.339277 0.383326 0.129831
1845 0.343815 0.390251 0.135062
1846 0.346849 0.393726 0.135151
1847 0.348368 0.393726 0.1302
1848 0.348368 0.393726 0.1302
1849 0.346849 0.393726 0.135151
1850 0.343815 0.390251 0.135062
1851 0.339277 0.383326 0.129831
1852 0.333252 0.372999 0.119269
1853 0.325762 0.359345 0.103091
1854 0.316833 0.372999 0.177273
1855 0.3065 0.359345 0.172416
1856 0.2948 0.342464 0.161681
1857 0.281779 0.322482 0.14445
1858 0.267488 0.299555 0.119882
1859 0.251984 0.273866 0.0868394
1860 0.23533 0.299555 0.272914
1861 0.217596 0.273866 0.2586
1862 0.198856 0.245627 0.235201
1863 0.179193 0.21508 0.200271
1864 0.158692 0.182492 0.149977
1865 0.137446 0.148158 0.07794
1866 0.115551 0.182492 0.579325
1867 0.093108 0.148158 0.591249
1868 0.0702227 0.112396 0.600572
1869 0.0470024 0.075545 0.607257
1870 0.0235576 0.0379578 0.611279
1871 0 0 -nan
1872 0 0 -nan
1873 0.0206638 0.0318823 0.542908
1874 0.0412292 0.0634559 0.539102
1875 0.0615986 0.0944168 0.532774
1876 0.0816759 0.124469 0.523944
1877 0.101367 0.153331 0.51264
1878 0.120579 0.124469 0.0322634
1879 0.139225 0.153331 0.101318
1880 0.15722 0.180735 0.149571
1881 0.174482 0.206434 0.183123
1882 0.190936 0.2302 0.205638
1883 0.206511 0.25183 0.219452
1884 0.221139 0.2302 0.0409735
1885 0.23476 0.25183 0.0727114
1886 0.247318 0.271143 0.0963328
1887 0.258762 0.287982 0.112922
1888 0.269046 0.302213 0.123276
1889 0.278131 0.313727 0.127984
1890 0.285982 0.302213 0.0567559
1891 0.292569 0.313727 0.07232
1892 0.297868 0.322438 0.0824882
1893 0.301859 0.328281 0.0875316
1894 0.304527 0.331213 0.0876288
1895 0.305864 0.331213 0.0828753
1896 0.305864 0.331213 0.0828753
1897 0.304527 0.331213 0.0876288
1898 0.301859 0.328281 0.0875316
1899 0.297868 0.322438 0.0824882
1900 0.292569 0.313727 0.07232
1901 0.285982 0.302213 0.0567559
1902 0.278131 0.313727 0.127984
1903 0.269046 0.302213 0.123276
1904 0.258762 0.287982 0.112922
1905 0.247318 0.271143 0.0963328
1906 0.23476 0.25183 0.0727114
1907 0.221139 0.2302 0.0409735
1908 0.206511 0.25183 0.219452
1909 0.190936 0.2302 0.205638
1910 0.174482 0.206434 0.183123
1911 0.15722 0.180735 0.149571
1912 0.139225 0.153331 0.101318
1913 0.120579 0.124469 0.0322634
1914 0.101367 0.153331 0.51264
1915 0.0816759 0.124469 0.523944
1916 0.0615986 0.0944168 0.532774
1917 0.0412292 0.0634559 0.539102
1918 0.0206638 0.0318823 0.542908
1919 0 0 -nan
1920 0 0 -nan
1921 0.0178696 0.0261154 0.461438
1922 0.0356546 0.0519797 0.457866
1923 0.0532709 0.0773454 0.451925
1924 0.0706356 0.101972 0.443632
1925 0.0876674 0.125628 0.433008
1926 0.104287 0.101972 -0.0222034
1927 0.120419 0.125628 0.0432579
1928 0.135989 0.148096 0.0890286
1929 0.150928 0.169172 0.120883
1930 0.165169 0.188671 0.142287
1931 0.178652 0.206423 0.155448
1932 0.191317 0.188671 -0.0138305
1933 0.203112 0.206423 0.0163006
1934 0.213988 0.222278 0.0387427
1935 0.2239 0.236107 0.0545184
1936 0.23281 0.247798 0.0643792
1937 0.240681 0.257259 0.0688795
1938 0.247485 0.247798 0.00126645
1939 0.253193 0.257259 0.0160602
1940 0.257786 0.264419 0.0257306
1941 0.261245 0.269221 0.030532
1942 0.263558 0.271632 0.030632
1943 0.264717 0.271632 0.0261204
1944 0.264717 0.271632 0.0261204
1945 0.263558 0.271632 0.030632
1946 0.261245 0.269221 0.030532
1947 0.257786 0.264419 0.0257306
1948 0.253193 0.257259 0.0160602
1949 0.247485 0.247798 0.00126645
1950 0.240681 0.257259 0.0688795
1951 0.23281 0.247798 0.0643792
1952 0.2239 0.236107 0.0545184
1953 0.213988 0.222278 0.0387427
1954 0.203112 0.206423 0.0163006
1955 0.191317 0.188671 -0.0138305
1956 0.178652 0.206423 0.155448
1957 0.165169 0.188671 0.142287
1958 0.150928 0.169172 0.120883
1959 0.135989 0.148096 0.0890286
1960 0.120419 0.125628 0.0432579
1961 0.104287 0.101972 -0.0222034
1962 0.0876674 0.125628 0.433008
1963 0.0706356 0.101972 0.443632
1964 0.0532709 0.0773454 0.451925
1965 0.0356546 0.0519797 0.457866
1966 0.0178696 0.0261154 0.461438
1967 0 0 -nan
1968 0 0 -nan
1969 0.0151614 0.0205995 0.358683
1970 0.0302512 0.041002 0.355386
1971 0.0451984 0.0610133 0.349899
1972 0.0599329 0.0804442 0.342237
1973 0.074386 0 -1
1974 0.0884907 0 -1
1975 0.102182 0.0991132 -0.0300371
1976 0.115399 0.116848 0.0125594
1977 0.128081 0.133489 0.0422235
1978 0.140173 0.148888 0.0621752
1979 0.151621 0 -1
1980 0.162378 0 -1
1981 0.172396 0.162912 -0.0550165
1982 0.181635 0.17544 -0.0341069
1983 0.190057 0.18637 -0.0193986
1984 0.197627 0.195612 -0.0101958
1985 0.204317 0 -1
1986 0.210099 0 -1
1987 0.214951 0.203094 -0.0551607
1988 0.218854 0.208756 -0.046144
1989 0.221795 0.212554 -0.041664
1990 0.223762 0.214461 -0.0415662
1991 0.224747 0 -1
1992 0.224747 0 -1
1993 0.223762 0.214461 -0.0415662
1994 0.221795 0.212554 -0.041664
1995 0.218854 0.208756 -0.046144
1996 0.214951 0.203094 -0.0551607
1997 0.210099 0 -1
1998 0.204317 0 -1
1999 0.197627 0.195612 -0.0101958
2000 0.190057 0.18637 -0.0193986
2001 0.181635 0.17544 -0.0341069
2002 0.172396 0.162912 -0.0550165
2003 0.162378 0 -1
2004 0.151621 0 -1
2005 0.140173 0.148888 0.0621752
2006 0.128081 0.133489 0.0422235
2007 0.115399 0.116848 0.0125594
2008 0.102182 0.0991132 -0.0300371
2009 0.0884907 0 -1
2010 0.074386 0 -1
2011 0.0599329 0.0804442 0.342237
2012 0.0451984 0.0610133 0.349899
2013 0.0302512 0.041002 0.355386
2014 0.0151614 0.0205995 0.358683
2015 0 0 -nan
2016 0 0 -nan
2017 0.0125257 0.0261154 1.08495
2018 0.0249924 0.0519797 1.07982
2019 0.0373417 0.0773454 1.07129
2020 0.0495158 0.101972 1.05938
2021 0.061458 0 -1
2022 0.0731132 0 -1
2023 0.0844281 0.125628 0.487989
2024 0.0953512 0.148096 0.553164
2025 0.105834 0.169172 0.598475
2026 0.115829 0.188671 0.628872
2027 0.125294 0 -1
2028 0.134187 0 -1
2029 0.142472 0.206423 0.448867
2030 0.150112 0.222278 0.480745
2031 0.157078 0.236107 0.50312
2032 0.16334 0.247798 0.517069
2033 0.168874 0 -1
2034 0.173657 0 -1
2035 0.177671 0.257259 0.447951
2036 0.180901 0.264419 0.461672
2037 0.183335 0.269221 0.468469
2038 0.184962 0.271632 0.46858
2039 0.185777 0 -1
2040 0.185777 0 -1
2041 0.184962 0.271632 0.46858
2042 0.183335 0.269221 0.468469
2043 0.180901 0.264419 0.461672
2044 0.177671 0.257259 0.447951
2045 0.173657 0 -1
2046 0.168874 0 -1
2047 0.16334 0.247798 0.517069
2048 0.157078 0.236107 0.50312
2049 0.150112 0.222278 0.480745
2050 0.142472 0.206423 0.448867
2051 0.134187 0 -1
2052 0.125294 0 -1
2053 0.115829 0.188671 0.628872
2054 0.105834 0.169172 0.598475
2055 0.0953512 0.148096 0.553164
2056 0.0844281 0.125628 0.487989
2057 0.0731132 0 -1
2058 0.061458 0 -1
2059 0.0495158 0.101972 1.05938
2060 0.0373417 0.0773454 1.07129
2061 0.0249924 0.0519797 1.07982
2062 0.0125257 0.0261154 1.08495
2063 0 0 -nan
2064 0 0 -nan
2065 0.00994975 0.0205995 1.07035
2066 0.0198528 0.041002 1.0653
2067 0.0296628 0.0610133 1.05689
2068 0.039334 0.0804442 1.04516
2069 0.0488214 0.0991132 1.03012
2070 0.0580813 0.0804442 0.385028
2071 0.0670713 0.0991132 0.477728
2072 0.0757507 0.116848 0.542537
2073 0.0840807 0.133489 0.587632
2074 0.0920243 0.148888 0.617923
2075 0.0995468 0.162912 0.636532
2076 0.106616 0.148888 0.396493
2077 0.113201 0.162912 0.439133
2078 0.119275 0.17544 0.470883
2079 0.124813 0.18637 0.49319
2080 0.129792 0.195612 0.507118
2081 0.134193 0.203094 0.51345
2082 0.137997 0.195612 0.417518
2083 0.141189 0.203094 0.438453
2084 0.143758 0.208756 0.452132
2085 0.145693 0.212554 0.458916
2086 0.146988 0.214461 0.45904
2087 0.147636 0.214461 0.452632
2088 0.147636 0.214461 0.452632
2089 0.146988 0.214461 0.45904
2090 0.145693 0.212554 0.458916
2091 0.143758 0.208756 0.452132
2092 0.141189 0.203094 0.438453
2093 0.137997 0.195612 0.417518
2094 0.134193 0.203094 0.51345
2095 0.129792 0.195612 0.507118
2096 0.124813 0.18637 0.49319
2097 0.119275 0.17544 0.470883
2098 0.113201 0.162912 0.439133
2099 0.106616 0.148888 0.396493
2100 0.0995468 0.162912 0.636532
2101 0.0920243 0.148888 0.617923
2102 0.0840807 0.133489 0.587632
2103 0.0757507 0.116848 0.542537
2104 0.0670713 0.0991132 0.477728
2105 0.0580813 0.0804442 0.385028
2106 0.0488214 0.0991132 1.03012
2107 0.039334 0.0804442 1.04516
2108 0.0296628 0.0610133 1.05689
2109 0.0198528 0.041002 1.0653
2110 0.00994975 0.0205995 1.07035
2111 0 0 -nan
2112 0 0 -nan
2113 0.00742123 0.0152806 1.05903
2114 0.0148077 0.0304156 1.05404
2115 0.0221249 0.0452615 1.04573
2116 0.0293387 0.0596785 1.03412
2117 0.0364157 0.0735321 1.01924
2118 0.0433233 0.0596785 0.377515
2119 0.0500299 0.0735321 0.469763
2120 0.0565051 0.0866949 0.534284
2121 0.06272 0.0990478 0.579207
2122 0.068647 0.110481 0.609409
2123 0.0742601 0.120895 0.627994
2124 0.0795352 0.110481 0.389084
2125 0.0844498 0.120895 0.431561
2126 0.0889832 0.130201 0.463208
2127 0.0931165 0.138321 0.485458
2128 0.096833 0.145188 0.499365
2129 0.100118 0.150748 0.505706
2130 0.102957 0.145188 0.410179
2131 0.105341 0.150748 0.431051
2132 0.107258 0.154956 0.444696
2133 0.108703 0.157779 0.451468
2134 0.10967 0.159196 0.451601
2135 0.110154 0.159196 0.445221
2136 0.110154 0.159196 0.445221
2137 0.10967 0.159196 0.451601
2138 0.108703 0.157779 0.451468
2139 0.107258 0.154956 0.444696
2140 0.105341 0.150748 0.431051
2141 0.102957 0.145188 0.410179
2142 0.100118 0.150748 0.505706
2143 0.096833 0.145188 0.499365
2144 0.0931165 0.138321 0.485458
2145 0.0889832 0.130201 0.463208
2146 0.0844498 0.120895 0.431561
2147 0.0795352 0.110481 0.389084
2148 0.0742601 0.120895 0.627994
2149 0.068647 0.110481 0.609409
2150 0.06272 0.0990478 0.579207
2151 0.0565051 0.0866949 0.534284
2152 0.0500299 0.0735321 0.469763
2153 0.0433233 0.0596785 0.377515
2154 0.0364157 0.0735321 1.01924
2155 0.0293387 0.0596785 1.03412
2156 0.0221249 0.0452615 1.04573
2157 0.0148077 0.0304156 1.05404
2158 0.00742123 0.0152806 1.05903
2159 0 0 -nan
2160 0 0 -nan
2161 0.004928 0.0101072 1.05097
2162 0.00983295 0.0201183 1.04601
2163 0.014692 0.0299388 1.03777
2164 0.0194824 0.0394762 1.02625
2165 0.0241821 0.0486418 1.01148
2166 0.0287694 0.0394762 0.372158
2167 0.0332234 0.0486418 0.464082
2168 0.0375239 0.0573514 0.528395
2169 0.0416517 0.0655261 0.573192
2170 0.0455884 0.0730932 0.603329
2171 0.0493169 0.0799867 0.621893
2172 0.0528209 0.0730932 0.383793
2173 0.0560857 0.0799867 0.426153
2174 0.0590973 0.0861475 0.457723
2175 0.0618433 0.0915238 0.47993
2176 0.0643125 0.0960714 0.493821
2177 0.0664948 0.0997533 0.500167
2178 0.0683815 0.0960714 0.404931
2179 0.0699652 0.0997533 0.425757
2180 0.0712395 0.10254 0.439375
2181 0.0721996 0.104411 0.446138
2182 0.0728417 0.105349 0.446277
2183 0.0731634 0.105349 0.439918
2184 0.0731634 0.105349 0.439918
2185 0.0728417 0.105349 0.446277
2186 0.0721996 0.104411 0.446138
2187 0.0712395 0.10254 0.439375
2188 0.0699652 0.0997533 0.425757
2189 0.0683815 0.0960714 0.404931
2190 0.0664948 0.0997533 0.500167
2191 0.0643125 0.0960714 0.493821
2192 0.0618433 0.0915238 0.47993
2193 0.0590973 0.0861475 0.457723
2194 0.0560857 0.0799867 0.426153
2195 0.0528209 0.0730932 0.383793
2196 0.0493169 0.0799867 0.621893
2197 0.0455884 0.0730932 0.603329
2198 0.0416517 0.0655261 0.573192
2199 0.0375239 0.0573514 0.528395
2200 0.0332234 0.0486418 0.464082
2201 0.0287694 0.0394762 0.372158
2202 0.0241821 0.0486418 1.01148
2203 0.0194824 0.0394762 1.02625
2204 0.014692 0.0299388 1.03777
2205 0.00983295 0.0201183 1.04601
2206 0.004928 0.0101072 1.05097
2207 0 0 -nan
2208 0 0 -nan
2209 0.00245817 0.00502974 1.04613
2210 0.00490485 0.0100118 1.0412
2211 0.00732863 0.0148991 1.033
2212 0.00971823 0.0196457 1.02153
2213 0.0120626 0.0242076 1.00683
2214 0.014351 0.0196457 0.368947
2215 0.0165729 0.0242076 0.460676
2216 0.0187182 0.0285427 0.524863
2217 0.0207775 0.032612 0.569584
2218 0.0227415 0.0363791 0.599681
2219 0.0246016 0.0398111 0.618232
2220 0.0263498 0.0363791 0.380619
2221 0.0279787 0.0398111 0.422907
2222 0.0294813 0.0428785 0.45443
2223 0.0308515 0.0455556 0.476611
2224 0.0320835 0.0478202 0.490491
2225 0.0331725 0.0496539 0.49684
2226 0.0341139 0.0478202 0.40178
2227 0.0349041 0.0496539 0.422578
2228 0.03554 0.0510419 0.43618
2229 0.0360191 0.0519733 0.442936
2230 0.0363396 0.0524409 0.443079
2231 0.0365001 0.0524409 0.436733
2232 0.0365001 0.0524409 0.436733
2233 0.0363396 0.0524409 0.443079
2234 0.0360191 0.0519733 0.442936
2235 0.03554 0.0510419 0.43618
2236 0.0349041 0.0496539 0.422578
2237 0.0341139 0.0478202 0.40178
2238 0.0331725 0.0496539 0.49684
2239 0.0320835 0.0478202 0.490491
2240 0.0308515 0.0455556 0.476611
2241 0.0294813 0.0428785 0.45443
2242 0.0279787 0.0398111 0.422907
2243 0.0263498 0.0363791 0.380619
2244 0.0246016 0.0398111 0.618232
2245 0.0227415 0.0363791 0.599681
2246 0.0207775 0.032612 0.569584
2247 0.0187182 0.0285427 0.524863
2248 0.0165729 0.0242076 0.460676
2249 0.014351 0.0196457 0.368947
2250 0.0120626 0.0242076 1.00683
2251 0.00971823 0.0196457 1.02153
2252 0.00732863 0.0148991 1.033
2253 0.00490485 0.0100118 1.0412
2254 0.00245817 0.00502974 1.04613
2255 0 0 -nan
2256 0 0 -nan
2257 0 0 -nan
2258 0 0 -nan
2259 0 0 -nan
2260 0 0 -nan
2261 0 0 -nan
2262 0 0 -nan
2263 0 0 -nan
2264 0 0 -nan
2265 0 0 -nan
2266 0 0 -nan
2267 0 0 -nan
2268 0 0 -nan
2269 0 0 -nan
2270 0 0 -nan
2271 0 0 -nan
2272 0 0 -nan
2273 0 0 -nan
2274 0 0 -nan
2275 0 0 -nan
2276 0 0 -nan
2277 0 0 -nan
2278 0 0 -nan
2279 0 0 -nan
2280 0 0 -nan
2281 0 0 -nan
2282 0 0 -nan
2283 0 0 -nan
2284 0 0 -nan
2285 0 0 -nan
2286 0 0 -nan
2287 0 0 -nan
2288 0 0 -nan
2289 0 0 -nan
2290 0 0 -nan
2291 0 0 -nan
2292 0 0 -nan
2293 0 0 -nan
2294 0 0 -nan
2295 0 0 -nan
2296 0 0 -nan
2297 0 0 -nan
2298 0 0 -nan
2299 0 0 -nan
2300 0 0 -nan
2301 0 0 -nan
2302 0 0 -nan
2303 0 0 -nan

real	164m39.618s
user	321m48.320s
sys	1m16.514s
