0 5 5 0
1 5 5 0
2 5 5 0
3 5 5 0
4 5 5 0
5 5 5 0
6 5 5 0
7 5 5 0
8 5 5 0
9 5 5 0
10 5 5 0
11 5 5 0
12 5 5 0
13 5 5 0
14 5 5 0
15 5 5 0
16 5 5 0
17 5 5 0
18 5 5 0
19 5 5 0
20 5 5 0
21 5 5 0
22 5 5 0
23 5 5 0
24 5 5 0
25 5 5 0
26 5 5 0
27 5 5 0
28 5 5 0
29 5 5 0
30 5 5 0
31 5 5 0
32 5 5 0
33 5 5 0
34 0 0 -nan
35 2.49495 2.49494 -3.43635e-06
36 3.47814 3.47812 -4.86327e-06
37 3.93779 3.93777 -6.3496e-06
38 4.18704 4.187 -7.8384e-06
39 4.33854 4.3385 -9.29982e-06
40 4.43852 4.43847 -1.05377e-05
41 4.50841 4.50836 -1.1732e-05
42 4.55924 4.55918 -1.28761e-05
43 4.5972 4.59713 -1.39663e-05
44 4.62599 4.62592 -1.46822e-05
45 4.64795 4.64788 -1.53482e-05
46 4.66461 4.66454 -1.59644e-05
47 4.67699 4.67691 -1.65316e-05
48 4.68577 4.68569 -1.66413e-05
49 4.6914 4.69132 -1.67111e-05
50 4.69414 4.69407 -1.67443e-05
51 4.69414 4.69407 -1.67443e-05
52 4.6914 4.69132 -1.62701e-05
53 4.68577 4.68569 -1.57743e-05
54 4.67699 4.67692 -1.52623e-05
55 4.66461 4.66454 -1.47392e-05
56 4.64795 4.64789 -1.37902e-05
57 4.62599 4.62593 -1.28421e-05
58 4.5972 4.59714 -1.19012e-05
59 4.55924 4.55919 -1.0974e-05
60 4.50841 4.50837 -9.72556e-06
61 4.43852 4.43848 -8.50139e-06
62 4.33854 4.33851 -7.31029e-06
63 4.18704 4.18701 -6.16491e-06
64 3.93779 3.93777 -4.854e-06
65 3.47814 3.47812 -3.61394e-06
66 2.49495 2.49494 -2.48285e-06
67 0 0 -nan
68 0 0 -nan
69 1.50167 1.50165 -1.12642e-05
70 2.4798 2.47977 -1.34569e-05
71 3.08599 3.08594 -1.59835e-05
72 3.47182 3.47175 -1.8648e-05
73 3.7286 3.72852 -2.13461e-05
74 3.90714 3.90704 -2.36114e-05
75 4.03588 4.03577 -2.58476e-05
76 4.13135 4.13124 -2.80241e-05
77 4.20356 4.20343 -3.01232e-05
78 4.25881 4.25868 -3.14482e-05
79 4.30121 4.30107 -3.27024e-05
80 4.33351 4.33336 -3.38814e-05
81 4.35758 4.35743 -3.49838e-05
82 4.37469 4.37453 -3.51391e-05
83 4.38567 4.38552 -3.52371e-05
84 4.39104 4.39089 -3.52829e-05
85 4.39104 4.39089 -3.5283e-05
86 4.38567 4.38552 -3.43004e-05
87 4.37469 4.37454 -3.32953e-05
88 4.35758 4.35744 -3.22788e-05
89 4.33351 4.33338 -3.12628e-05
90 4.30121 4.30108 -2.93597e-05
91 4.25881 4.25869 -2.74796e-05
92 4.20356 4.20345 -2.56388e-05
93 4.13135 4.13125 -2.38562e-05
94 4.03588 4.03579 -2.13974e-05
95 3.90714 3.90706 -1.90184e-05
96 3.7286 3.72854 -1.67496e-05
97 3.47182 3.47177 -1.46407e-05
98 3.08599 3.08596 -1.21943e-05
99 2.4798 2.47978 -9.97772e-06
100 1.50167 1.50165 -8.11873e-06
101 0 0 -nan
102 0 0 -nan
103 1.03191 1.03189 -2.423e-05
104 1.85342 1.85337 -2.66129e-05
105 2.45456 2.45449 -2.97017e-05
106 2.88564 2.88554 -3.31607e-05
107 3.19692 3.1968 -3.67962e-05
108 3.42555 3.42541 -3.97996e-05
109 3.59662 3.59647 -4.28616e-05
110 3.72674 3.72657 -4.59079e-05
111 3.82689 3.8267 -4.88946e-05
112 3.90449 3.90429 -5.06833e-05
113 3.96457 3.96436 -5.24191e-05
114 4.01065 4.01043 -5.40863e-05
115 4.04514 4.04492 -5.56772e-05
116 4.06974 4.06951 -5.57986e-05
117 4.08557 4.08534 -5.58732e-05
118 4.09332 4.09309 -5.59063e-05
119 4.09332 4.09309 -5.59063e-05
120 4.08557 4.08535 -5.43795e-05
121 4.06974 4.06953 -5.28543e-05
122 4.04514 4.04494 -5.13486e-05
123 4.01065 4.01045 -4.98832e-05
124 3.96457 3.96439 -4.70317e-05
125 3.90449 3.90431 -4.42528e-05
126 3.82689 3.82673 -4.15772e-05
127 3.72674 3.72659 -3.90441e-05
128 3.59662 3.59649 -3.54433e-05
129 3.42555 3.42544 -3.20174e-05
130 3.19692 3.19683 -2.88324e-05
131 2.88564 2.88556 -2.59985e-05
132 2.45456 2.45451 -2.26247e-05
133 1.85342 1.85338 -1.96977e-05
134 1.03191 1.03189 -1.74302e-05
135 0 0 -nan
136 0 0 -nan
137 0.772563 0.77253 -4.2481e-05
138 1.4474 1.44733 -4.47299e-05
139 1.99321 1.99311 -4.80075e-05
140 2.41925 2.41913 -5.19139e-05
141 2.7479 2.74774 -5.61861e-05
142 3.00151 3.00134 -5.96122e-05
143 3.19833 3.19813 -6.32541e-05
144 3.35209 3.35186 -6.69792e-05
145 3.47279 3.47255 -7.07075e-05
146 3.56768 3.56742 -7.27862e-05
147 3.64196 3.64168 -7.48749e-05
148 3.69937 3.69909 -7.69393e-05
149 3.74261 3.74232 -7.89606e-05
150 3.77358 3.77328 -7.89545e-05
151 3.79356 3.79326 -7.89453e-05
152 3.80335 3.80305 -7.8936e-05
153 3.80335 3.80305 -7.89361e-05
154 3.79356 3.79327 -7.68264e-05
155 3.77358 3.77329 -7.47718e-05
156 3.74261 3.74234 -7.27979e-05
157 3.69937 3.69911 -7.09371e-05
158 3.64196 3.64171 -6.71499e-05
159 3.56768 3.56745 -6.3516e-05
160 3.47279 3.47258 -6.00859e-05
161 3.35209 3.3519 -5.69276e-05
162 3.19833 3.19817 -5.22655e-05
163 3.00151 3.00137 -4.7913e-05
164 2.7479 2.74778 -4.39818e-05
165 2.41925 2.41915 -4.06609e-05
166 1.99321 1.99314 -3.65278e-05
167 1.4474 1.44735 -3.30657e-05
168 0.772563 0.772539 -3.05173e-05
169 0 0 -nan
170 0 0 -nan
171 0.610946 0.610905 -6.60399e-05
172 1.17039 1.17031 -6.80025e-05
173 1.65163 1.65152 -7.12221e-05
174 2.05027 2.05011 -7.53036e-05
175 2.37391 2.37372 -7.9951e-05
176 2.63429 2.63407 -8.34939e-05
177 2.84312 2.84287 -8.7468e-05
178 3.0105 3.01022 -9.16735e-05
179 3.14452 3.14422 -9.59876e-05
180 3.2515 3.25118 -9.81656e-05
181 3.33622 3.33588 -0.000100465
182 3.40228 3.40193 -0.000102824
183 3.45237 3.45201 -0.00010521
184 3.48841 3.48805 -0.000104972
185 3.51174 3.51137 -0.000104811
186 3.5232 3.52283 -0.000104726
187 3.5232 3.52283 -0.000104726
188 3.51174 3.51138 -0.000101991
189 3.48841 3.48806 -9.93979e-05
190 3.45237 3.45204 -9.69802e-05
191 3.40228 3.40196 -9.47848e-05
192 3.33622 3.33591 -9.00764e-05
193 3.2515 3.25122 -8.56356e-05
194 3.14452 3.14427 -8.15375e-05
195 3.0105 3.01026 -7.78864e-05
196 2.84312 2.84292 -7.22405e-05
197 2.63429 2.63411 -6.70733e-05
198 2.37391 2.37376 -6.25487e-05
199 2.05027 2.05015 -5.89468e-05
200 1.65163 1.65154 -5.41561e-05
201 1.17039 1.17034 -5.02333e-05
202 0.610946 0.610917 -4.74038e-05
203 0 0 -nan
204 0 0 -nan
205 0.500828 0.500781 -9.3386e-05
206 0.971605 0.971513 -9.49462e-05
207 1.39267 1.39253 -9.78928e-05
208 1.75628 1.7561 -0.000101877
209 2.06319 2.06297 -0.000106604
210 2.31862 2.31836 -0.000109904
211 2.52938 2.52909 -0.000113892
212 2.70227 2.70195 -0.000118299
213 2.84332 2.84297 -0.00012296
214 2.95758 2.95721 -0.000124972
215 3.04914 3.04875 -0.000127269
216 3.12119 3.12079 -0.00012976
217 3.1762 3.17578 -0.000132391
218 3.21597 3.21555 -0.000131783
219 3.24181 3.24139 -0.000131381
220 3.25453 3.2541 -0.000131175
221 3.25453 3.2541 -0.000131175
222 3.24181 3.2414 -0.000127796
223 3.21597 3.21557 -0.000124687
224 3.1762 3.17581 -0.000121892
225 3.12119 3.12082 -0.000119474
226 3.04914 3.04879 -0.000113928
227 2.95758 2.95726 -0.000108804
228 2.84332 2.84302 -0.000104203
229 2.70227 2.702 -0.000100271
230 2.52938 2.52914 -9.38014e-05
231 2.31862 2.31842 -8.80065e-05
232 2.06319 2.06302 -8.31024e-05
233 1.75628 1.75614 -7.94643e-05
234 1.39267 1.39257 -7.41372e-05
235 0.971605 0.971538 -6.98226e-05
236 0.500828 0.500794 -6.67025e-05
237 0 0 -nan
238 0 0 -nan
239 0.420762 0.420709 -0.000125702
240 0.822534 0.82243 -0.00012682
241 1.19117 1.19101 -0.000129413
242 1.519 1.5188 -0.000133181
243 1.80396 1.80371 -0.00013785
244 2.04763 2.04734 -0.000140686
245 2.25353 2.2532 -0.000144497
246 2.42589 2.42553 -0.000148948
247 2.56891 2.56851 -0.000153826
248 2.68639 2.68597 -0.000155489
249 2.78159 2.78115 -0.000157645
250 2.85717 2.85672 -0.000160168
251 2.91527 2.91479 -0.00016298
252 2.9575 2.95702 -0.000161889
253 2.98502 2.98454 -0.000161172
254 2.9986 2.99812 -0.00016081
255 2.9986 2.99812 -0.00016081
256 2.98502 2.98455 -0.000156735
257 2.9575 2.95704 -0.000153095
258 2.91527 2.91483 -0.000149943
259 2.85717 2.85675 -0.000147361
260 2.78159 2.7812 -0.000140978
261 2.68639 2.68603 -0.000135202
262 2.56891 2.56858 -0.000130165
263 2.42589 2.42558 -0.00012606
264 2.25353 2.25326 -0.000118798
265 2.04763 2.0474 -0.000112426
266 1.80396 1.80377 -0.000107216
267 1.519 1.51885 -0.000103647
268 1.19117 1.19105 -9.7758e-05
269 0.822534 0.822458 -9.29972e-05
270 0.420762 0.420724 -8.95031e-05
271 0 0 -nan
272 0 0 -nan
273 0.359689 0.35963 -0.000163203
274 0.706608 0.706492 -0.000163841
275 1.03046 1.03029 -0.000166022
276 1.32462 1.32439 -0.000169491
277 1.58604 1.58576 -0.000174002
278 1.81442 1.8141 -0.000176182
279 2.01123 2.01087 -0.000179654
280 2.17887 2.17847 -0.000184009
281 2.32006 2.31962 -0.000188991
282 2.43751 2.43705 -0.000190129
283 2.53367 2.53318 -0.00019201
284 2.61066 2.61016 -0.000194468
285 2.67023 2.66971 -0.000197402
286 2.71374 2.71321 -0.000195712
287 2.74221 2.74167 -0.000194606
288 2.75627 2.75574 -0.00019405
289 2.75627 2.75574 -0.00019405
290 2.74221 2.74169 -0.000189222
291 2.71374 2.71324 -0.000185031
292 2.67023 2.66975 -0.000181539
293 2.61066 2.6102 -0.000178848
294 2.53367 2.53324 -0.000171617
295 2.43751 2.43711 -0.000165211
296 2.32006 2.31969 -0.000159793
297 2.17887 2.17853 -0.000155609
298 2.01123 2.01094 -0.000147562
299 1.81442 1.81417 -0.000140639
300 1.58604 1.58582 -0.00013517
301 1.32462 1.32444 -0.000131747
302 1.03046 1.03033 -0.000125242
303 0.706608 0.706523 -0.000119963
304 0.359689 0.359647 -0.000116011
305 0 0 -nan
306 0 0 -nan
307 0.311387 0.311323 -0.00020618
308 0.613757 0.61363 -0.000206298
309 0.899451 0.899264 -0.000208019
310 1.16298 1.16274 -0.000211129
311 1.40116 1.40086 -0.000215407
312 1.6128 1.61245 -0.000216767
313 1.79813 1.79773 -0.00021976
314 1.95831 1.95787 -0.0002239
315 2.09498 2.0945 -0.000228891
316 2.20993 2.20943 -0.000229336
317 2.30495 2.30441 -0.000230816
318 2.3816 2.38105 -0.000233119
319 2.44128 2.4407 -0.000236119
320 2.48507 2.48449 -0.000233715
321 2.51381 2.51322 -0.000232143
322 2.52804 2.52746 -0.000231356
323 2.52804 2.52746 -0.000231357
324 2.51381 2.51324 -0.000225715
325 2.48507 2.48452 -0.000220946
326 2.44128 2.44075 -0.000217125
327 2.3816 2.38109 -0.000214375
328 2.30495 2.30447 -0.000206276
329 2.20993 2.20949 -0.000199248
330 2.09498 2.09457 -0.000193492
331 1.95831 1.95794 -0.000189309
332 1.79813 1.7978 -0.000180464
333 1.6128 1.61252 -0.000172993
334 1.40116 1.40093 -0.000167288
335 1.16298 1.16279 -0.000164067
336 0.899451 0.89931 -0.000156874
337 0.613757 0.613664 -0.000150996
338 0.311387 0.311341 -0.000146505
339 0 0 -nan
340 0 0 -nan
341 0.272105 0.272037 -0.000249589
342 0.537587 0.537453 -0.000249116
343 0.790617 0.790419 -0.000250283
344 1.0267 1.02644 -0.000252908
345 1.24285 1.24253 -0.000256801
346 1.4375 1.43713 -0.000257111
347 1.61019 1.60977 -0.000259403
348 1.76128 1.76082 -0.00026312
349 1.89162 1.89112 -0.000267923
350 2.00233 2.0018 -0.000267442
351 2.0946 2.09403 -0.000268324
352 2.16956 2.16897 -0.000270314
353 2.22824 2.22763 -0.000273259
354 2.27148 2.27087 -0.000270005
355 2.29995 2.29933 -0.000267876
356 2.31407 2.31345 -0.000266813
357 2.31407 2.31345 -0.000266813
358 2.29995 2.29935 -0.000260343
359 2.27148 2.2709 -0.000255028
360 2.22824 2.22768 -0.00025095
361 2.16956 2.16902 -0.000248255
362 2.0946 2.09409 -0.000239374
363 2.00233 2.00187 -0.000231842
364 1.89162 1.8912 -0.000225895
365 1.76128 1.76089 -0.000221888
366 1.61019 1.60985 -0.000212359
367 1.4375 1.43721 -0.00020446
368 1.24285 1.24261 -0.000198643
369 1.0267 1.0265 -0.000195757
370 0.790617 0.790469 -0.000187904
371 0.537587 0.537489 -0.000181429
372 0.272105 0.272057 -0.000176378
373 0 0 -nan
374 0 0 -nan
375 0.239449 0.239378 -0.000297896
376 0.473874 0.473733 -0.000296802
377 0.69874 0.698532 -0.000297393
378 0.910361 0.910089 -0.000299517
379 1.10606 1.10573 -0.000303008
380 1.28417 1.28378 -0.000302168
381 1.44387 1.44344 -0.000303683
382 1.58502 1.58454 -0.000306916
383 1.70793 1.7074 -0.000311489
384 1.8132 1.81264 -0.00030996
385 1.90158 1.90099 -0.000310154
386 1.97382 1.97321 -0.000311771
387 2.03066 2.03002 -0.000314631
388 2.07271 2.07206 -0.000310425
389 2.10046 2.09981 -0.000307674
390 2.11425 2.1136 -0.000306302
391 2.11425 2.1136 -0.000306302
392 2.10046 2.09983 -0.000298935
393 2.07271 2.0721 -0.000293035
394 2.03066 2.03007 -0.000288694
395 1.97382 1.97326 -0.000286082
396 1.90158 1.90105 -0.000276369
397 1.8132 1.81272 -0.000268308
398 1.70793 1.70748 -0.00026217
399 1.58502 1.58461 -0.000258373
400 1.44387 1.44352 -0.0002481
401 1.28417 1.28386 -0.000239725
402 1.10606 1.10581 -0.00023377
403 0.910361 0.910151 -0.000231229
404 0.69874 0.698585 -0.000222614
405 0.473874 0.473772 -0.000215446
406 0.239449 0.239399 -0.000209751
407 0 0 -nan
408 0 0 -nan
409 0.21182 0.211746 -0.000351522
410 0.419726 0.419579 -0.000349774
411 0.620118 0.619901 -0.000349769
412 0.809954 0.809669 -0.000351377
413 0.986883 0.986534 -0.000354454
414 1.14927 1.14887 -0.000352374
415 1.29613 1.29568 -0.000353045
416 1.42703 1.42652 -0.000355747
417 1.5419 1.54135 -0.000360056
418 1.641 1.64042 -0.000357369
419 1.72472 1.7241 -0.000356795
420 1.79353 1.79288 -0.000357987
421 1.8479 1.84723 -0.000360737
422 1.88826 1.88759 -0.000355481
423 1.91497 1.9143 -0.000352044
424 1.92826 1.92759 -0.000350331
425 1.92826 1.92759 -0.000350331
426 1.91497 1.91431 -0.000341994
427 1.88826 1.88763 -0.000335467
428 1.8479 1.84729 -0.000330852
429 1.79353 1.79294 -0.000328345
430 1.72472 1.72417 -0.000317738
431 1.641 1.64049 -0.000309113
432 1.5419 1.54144 -0.000302778
433 1.42703 1.4266 -0.000299214
434 1.29613 1.29576 -0.000288123
435 1.14927 1.14895 -0.000279217
436 0.986883 0.986614 -0.000273091
437 0.809954 0.809734 -0.0002709
438 0.620118 0.619956 -0.000261422
439 0.419726 0.41962 -0.000253467
440 0.21182 0.211768 -0.000247046
441 0 0 -nan
442 0 0 -nan
443 0.188109 0.188032 -0.000410975
444 0.3731 0.372947 -0.000408538
445 0.552063 0.551837 -0.000407915
446 0.722466 0.722171 -0.000408994
447 0.882261 0.881898 -0.000411652
448 1.02992 1.02949 -0.000408247
449 1.16439 1.16391 -0.000408017
450 1.28507 1.28454 -0.000410148
451 1.39168 1.39111 -0.000414172
452 1.48421 1.4836 -0.000410223
453 1.5628 1.56216 -0.000408809
454 1.6277 1.62703 -0.000409532
455 1.67918 1.67849 -0.000412152
456 1.71751 1.71682 -0.000405752
457 1.74293 1.74223 -0.000401567
458 1.7556 1.7549 -0.000399481
459 1.7556 1.7549 -0.000399482
460 1.74293 1.74225 -0.000390097
461 1.71751 1.71685 -0.000382897
462 1.67918 1.67854 -0.000377992
463 1.6277 1.62709 -0.000375605
464 1.5628 1.56223 -0.000364038
465 1.48421 1.48368 -0.000354805
466 1.39168 1.3912 -0.000348256
467 1.28507 1.28462 -0.000344941
468 1.16439 1.164 -0.000332952
469 1.02992 1.02958 -0.000323453
470 0.882261 0.881981 -0.000317119
471 0.722466 0.722238 -0.000315281
472 0.552063 0.551894 -0.000304837
473 0.3731 0.372989 -0.000296003
474 0.188109 0.188055 -0.000288779
475 0 0 -nan
476 0 0 -nan
477 0.16752 0.167442 -0.000465413
478 0.332508 0.332354 -0.000462246
479 0.492577 0.49235 -0.000460952
480 0.645601 0.645303 -0.000461432
481 0.789797 0.789431 -0.000463585
482 0.92376 0.923337 -0.000458735
483 1.04646 1.04598 -0.000457482
484 1.1572 1.15667 -0.000458921
485 1.25557 1.25499 -0.00046254
486 1.34139 1.34077 -0.000457191
487 1.41461 1.41397 -0.000454815
488 1.47532 1.47465 -0.000454965
489 1.52364 1.52294 -0.000457373
490 1.55971 1.55901 -0.000449747
491 1.58368 1.58298 -0.000444759
492 1.59564 1.59493 -0.000442274
493 1.59564 1.59493 -0.000442274
494 1.58368 1.583 -0.000431848
495 1.55971 1.55905 -0.000424006
496 1.52364 1.523 -0.000418868
497 1.47532 1.4747 -0.000416682
498 1.41461 1.41404 -0.000404227
499 1.34139 1.34086 -0.000394476
500 1.25557 1.25509 -0.000387813
501 1.1572 1.15676 -0.000384859
502 1.04646 1.04607 -0.000372055
503 0.92376 0.923426 -0.000362043
504 0.789797 0.789516 -0.000355579
505 0.645601 0.645372 -0.000354172
506 0.492577 0.492408 -0.000342794
507 0.332508 0.332397 -0.000333097
508 0.16752 0.167465 -0.000325071
509 0 0 -nan
510 0 0 -nan
511 0.149465 0.149387 -0.000524439
512 0.296843 0.296689 -0.000520521
513 0.440147 0.439919 -0.000518548
514 0.577578 0.577279 -0.000518438
515 0.707583 0.707215 -0.000520104
516 0.82889 0.828465 -0.000513765
517 0.940513 0.940032 -0.00051147
518 1.04173 1.0412 -0.000512215
519 1.13206 1.13147 -0.00051544
520 1.21119 1.21057 -0.000508633
521 1.27897 1.27833 -0.00050526
522 1.33537 1.33469 -0.00050482
523 1.38038 1.37968 -0.000507019
524 1.41406 1.41336 -0.000498099
525 1.43648 1.43577 -0.000492263
526 1.44767 1.44696 -0.000489356
527 1.44767 1.44696 -0.000489357
528 1.43648 1.43579 -0.000477817
529 1.41406 1.4134 -0.000469284
530 1.38038 1.37974 -0.000463886
531 1.33537 1.33475 -0.000461896
532 1.27897 1.2784 -0.000448474
533 1.21119 1.21066 -0.000438143
534 1.13206 1.13157 -0.000431327
535 1.04173 1.04128 -0.00042872
536 0.940513 0.940123 -0.000415005
537 0.82889 0.828555 -0.000404403
538 0.707583 0.707301 -0.000397754
539 0.577578 0.577349 -0.000396762
540 0.440147 0.439978 -0.000384348
541 0.296843 0.296732 -0.000373703
542 0.149465 0.149411 -0.000364805
543 0 0 -nan
544 0 0 -nan
545 0.133501 0.133423 -0.000588652
546 0.265259 0.265104 -0.000583961
547 0.393603 0.393374 -0.000581302
548 0.516996 0.516695 -0.000580606
549 0.634084 0.633716 -0.000581801
550 0.743726 0.743299 -0.000573933
551 0.844997 0.844515 -0.00057058
552 0.937182 0.936647 -0.000570632
553 1.01976 1.01917 -0.00057348
554 1.09236 1.09174 -0.000565161
555 1.15476 1.15412 -0.000560759
556 1.20683 1.20615 -0.000559718
557 1.24849 1.24779 -0.000561713
558 1.27972 1.27902 -0.000551434
559 1.30054 1.29983 -0.000544709
560 1.31094 1.31023 -0.000541359
561 1.31094 1.31023 -0.00054136
562 1.30054 1.29985 -0.000528637
563 1.27972 1.27906 -0.000519362
564 1.24849 1.24785 -0.000513674
565 1.20683 1.20621 -0.000511874
566 1.15476 1.15419 -0.000497405
567 1.09236 1.09183 -0.000486431
568 1.01976 1.01927 -0.00047942
569 0.937182 0.936735 -0.000477143
570 0.844997 0.844606 -0.000462425
571 0.743726 0.743391 -0.000451156
572 0.634084 0.633803 -0.00044427
573 0.516996 0.516766 -0.000443677
574 0.393603 0.393433 -0.000430134
575 0.265259 0.265148 -0.000418459
576 0.133501 0.133447 -0.000408621
577 0 0 -nan
578 0 0 -nan
579 0.119285 0.119206 -0.000658797
580 0.237098 0.236943 -0.00065331
581 0.35202 0.351791 -0.000649958
582 0.462732 0.462432 -0.000648682
583 0.568051 0.567682 -0.000649421
584 0.666955 0.666528 -0.000639986
585 0.75859 0.758108 -0.000635561
586 0.842269 0.841734 -0.000634924
587 0.917462 0.916877 -0.000637411
588 0.983774 0.983157 -0.000627533
589 1.04093 1.04028 -0.000622074
590 1.08873 1.08805 -0.000620424
591 1.12705 1.12635 -0.000622223
592 1.15584 1.15514 -0.000610526
593 1.17505 1.17434 -0.000602872
594 1.18465 1.18395 -0.00059906
595 1.18465 1.18395 -0.00059906
596 1.17505 1.17436 -0.000585083
597 1.15584 1.15518 -0.000575017
598 1.12705 1.12641 -0.000569009
599 1.08873 1.08811 -0.000567391
600 1.04093 1.04035 -0.000551793
601 0.983774 0.983243 -0.000540114
602 0.917462 0.916973 -0.000532866
603 0.842269 0.841822 -0.000530903
604 0.75859 0.758199 -0.00051509
605 0.666955 0.66662 -0.000503079
606 0.568051 0.56777 -0.000495907
607 0.462732 0.462502 -0.000495698
608 0.35202 0.35185 -0.000480937
609 0.237098 0.236987 -0.000468154
610 0.119285 0.11923 -0.000457314
611 0 0 -nan
612 0 0 -nan
613 0.106544 0.106467 -0.000716256
614 0.211834 0.211684 -0.000709978
615 0.314658 0.314436 -0.000705923
616 0.413876 0.413584 -0.000704041
617 0.508452 0.508094 -0.000704288
618 0.597475 0.59706 -0.000693271
619 0.680163 0.679695 -0.000687739
620 0.75587 0.755352 -0.000686363
621 0.824078 0.82351 -0.000688427
622 0.88438 0.883781 -0.000676965
623 0.936472 0.935844 -0.000670416
624 0.980132 0.979477 -0.000668113
625 1.0152 1.01452 -0.000669671
626 1.04158 1.0409 -0.000656561
627 1.0592 1.05851 -0.00064798
628 1.06801 1.06733 -0.000643707
629 1.06801 1.06733 -0.000643707
630 1.0592 1.05853 -0.000628531
631 1.04158 1.04094 -0.000617727
632 1.0152 1.01458 -0.00061145
633 0.980132 0.979534 -0.000610058
634 0.936472 0.935916 -0.000593427
635 0.88438 0.883866 -0.00058113
636 0.824078 0.823605 -0.000573721
637 0.75587 0.755438 -0.00057213
638 0.680163 0.679785 -0.000555323
639 0.597475 0.59715 -0.000542658
640 0.508452 0.50818 -0.000535263
641 0.413876 0.413654 -0.000535477
642 0.314658 0.314494 -0.000519571
643 0.211834 0.211727 -0.000505743
644 0.106544 0.106491 -0.000493946
645 0 0 -nan
646 0 0 -nan
647 0.0950598 0.0949859 -0.000777376
648 0.189046 0.1889 -0.000770304
649 0.280913 0.280698 -0.000765553
650 0.369676 0.369394 -0.000763086
651 0.454425 0.454079 -0.000762868
652 0.534349 0.533949 -0.000750271
653 0.608741 0.608288 -0.000743648
654 0.676999 0.676497 -0.00074156
655 0.738628 0.738079 -0.000743235
656 0.793228 0.792649 -0.000730184
657 0.840486 0.839879 -0.000722549
658 0.880163 0.87953 -0.000719608
659 0.912082 0.911425 -0.000720944
660 0.936118 0.935457 -0.000706396
661 0.952185 0.951521 -0.000696873
662 0.96023 0.959566 -0.00069213
663 0.96023 0.959566 -0.000692131
664 0.952185 0.951541 -0.000675711
665 0.936118 0.935496 -0.000664131
666 0.912082 0.911482 -0.000657555
667 0.880163 0.879585 -0.00065637
668 0.840486 0.839949 -0.00063864
669 0.793228 0.792732 -0.000625669
670 0.738628 0.738172 -0.000618052
671 0.676999 0.676582 -0.000616802
672 0.608741 0.608376 -0.000598926
673 0.534349 0.534037 -0.000585541
674 0.454425 0.454163 -0.000577876
675 0.369676 0.369462 -0.000578486
676 0.280913 0.280756 -0.000561372
677 0.189046 0.188942 -0.000546443
678 0.0950598 0.095009 -0.000533648
679 0 0 -nan
680 0 0 -nan
681 0.0846534 0.0845821 -0.00084301
682 0.168382 0.168242 -0.000835138
683 0.250285 0.250077 -0.000829701
684 0.329503 0.329231 -0.000826667
685 0.405241 0.404906 -0.000826012
686 0.476778 0.476391 -0.000811838
687 0.543476 0.543039 -0.000804142
688 0.604784 0.6043 -0.000801367
689 0.660237 0.659707 -0.000802687
690 0.70945 0.708891 -0.000788046
691 0.752114 0.751528 -0.000779334
692 0.787987 0.787376 -0.000775769
693 0.816882 0.816247 -0.000776903
694 0.838662 0.838024 -0.000760899
695 0.853232 0.852591 -0.00075042
696 0.860531 0.85989 -0.000745203
697 0.860531 0.85989 -0.000745203
698 0.853232 0.852611 -0.000727498
699 0.838662 0.838062 -0.000715108
700 0.816882 0.816303 -0.000708206
701 0.787987 0.78743 -0.000707208
702 0.752114 0.751597 -0.000688321
703 0.70945 0.708971 -0.000674623
704 0.660237 0.659797 -0.000666757
705 0.604784 0.604382 -0.000665817
706 0.543476 0.543125 -0.000646804
707 0.476778 0.476477 -0.000632642
708 0.405241 0.404988 -0.000624663
709 0.329503 0.329297 -0.000625646
710 0.250285 0.250133 -0.000607268
711 0.168382 0.168283 -0.000591192
712 0.0846534 0.0846045 -0.000577362
713 0 0 -nan
714 0 0 -nan
715 0.0751753 0.0751066 -0.000914319
716 0.149552 0.149417 -0.000905647
717 0.222351 0.222151 -0.000899532
718 0.292824 0.292562 -0.000895948
719 0.360276 0.359953 -0.000894883
720 0.424066 0.423694 -0.000879138
721 0.483625 0.483204 -0.000870387
722 0.538451 0.537984 -0.000866953
723 0.588113 0.587603 -0.00086795
724 0.632251 0.631713 -0.000851722
725 0.670567 0.670003 -0.000841942
726 0.702823 0.702234 -0.000837769
727 0.728832 0.72822 -0.000838721
728 0.748453 0.747838 -0.000821246
729 0.761587 0.76097 -0.000809804
730 0.768169 0.767551 -0.000804106
731 0.768169 0.767551 -0.000804107
732 0.761587 0.760989 -0.000785081
733 0.748453 0.747875 -0.00077185
734 0.728832 0.728274 -0.000764596
735 0.702823 0.702286 -0.000763767
736 0.670567 0.670069 -0.000743668
737 0.632251 0.63179 -0.000729195
738 0.588113 0.587689 -0.00072104
739 0.538451 0.538063 -0.000720381
740 0.483625 0.483286 -0.00070017
741 0.424066 0.423776 -0.00068518
742 0.360276 0.360032 -0.000676849
743 0.292824 0.292626 -0.000678183
744 0.222351 0.222204 -0.00065849
745 0.149552 0.149456 -0.000641227
746 0.0751753 0.0751282 -0.000626333
747 0 0 -nan
748 0 0 -nan
749 0.0664989 0.0664348 -0.000963598
750 0.132308 0.132182 -0.000954186
751 0.196752 0.196566 -0.000947432
752 0.259182 0.258937 -0.000943318
753 0.318988 0.318687 -0.000941839
754 0.375606 0.375259 -0.000924626
755 0.428529 0.428137 -0.000914868
756 0.477305 0.476871 -0.000910784
757 0.521542 0.521066 -0.000911435
758 0.560904 0.560403 -0.000893718
759 0.595113 0.594587 -0.000882922
760 0.623939 0.623391 -0.000878155
761 0.647203 0.646635 -0.000878906
762 0.664766 0.664195 -0.000860071
763 0.676529 0.675955 -0.000847737
764 0.682426 0.681851 -0.000841596
765 0.682426 0.681851 -0.000841597
766 0.676529 0.675973 -0.000821386
767 0.664766 0.66423 -0.000807415
768 0.647203 0.646686 -0.000799872
769 0.623939 0.623441 -0.000799231
770 0.595113 0.59465 -0.000778079
771 0.560904 0.560476 -0.000762953
772 0.521542 0.521148 -0.000754585
773 0.477305 0.476945 -0.00075423
774 0.428529 0.428215 -0.000732985
775 0.375606 0.375337 -0.000717292
776 0.318988 0.318762 -0.000708684
777 0.259182 0.258998 -0.000710374
778 0.196752 0.196616 -0.000689519
779 0.132308 0.132219 -0.000671202
780 0.0664989 0.0664553 -0.000655355
781 0 0 -nan
782 0 0 -nan
783 0.0585154 0.058456 -0.00101494
784 0.116436 0.116319 -0.00100481
785 0.173177 0.173004 -0.000997443
786 0.228176 0.22795 -0.000992829
787 0.280902 0.280624 -0.000990973
788 0.330861 0.330539 -0.000972341
789 0.377602 0.377239 -0.000961624
790 0.420723 0.420321 -0.000956933
791 0.459871 0.45943 -0.000957277
792 0.494739 0.494274 -0.000938122
793 0.525069 0.524583 -0.000926352
794 0.55065 0.550143 -0.000921023
795 0.571309 0.570782 -0.000921597
796 0.586915 0.586385 -0.000901435
797 0.59737 0.59684 -0.00088823
798 0.602614 0.602082 -0.000881655
799 0.602614 0.602082 -0.000881656
800 0.59737 0.596856 -0.000860268
801 0.586915 0.586418 -0.000845552
802 0.571309 0.57083 -0.000837706
803 0.55065 0.550189 -0.00083723
804 0.525069 0.524641 -0.00081501
805 0.494739 0.494343 -0.000799209
806 0.459871 0.459507 -0.000790601
807 0.420723 0.420391 -0.000790516
808 0.377602 0.377312 -0.000768217
809 0.330861 0.330612 -0.000751798
810 0.280902 0.280693 -0.000742888
811 0.228176 0.228006 -0.000744904
812 0.173177 0.173052 -0.000722883
813 0.116436 0.116354 -0.00070351
814 0.0585154 0.0584752 -0.000686714
815 0 0 -nan
816 0 0 -nan
817 0.0511301 0.0510754 -0.00106972
818 0.101749 0.101641 -0.00105889
819 0.151352 0.151193 -0.00105094
820 0.199456 0.199248 -0.00104586
821 0.245599 0.245343 -0.00104366
822 0.28935 0.289054 -0.00102366
823 0.330315 0.329981 -0.00101204
824 0.368138 0.367767 -0.00100678
825 0.402503 0.402098 -0.00100685
826 0.433137 0.43271 -0.000986315
827 0.459805 0.459357 -0.000973616
828 0.482311 0.481844 -0.000967759
829 0.500499 0.500014 -0.000968179
830 0.514244 0.513757 -0.000946725
831 0.523457 0.522968 -0.000932673
832 0.528078 0.527589 -0.000925677
833 0.528078 0.527589 -0.000925678
834 0.523457 0.522984 -0.000903124
835 0.514244 0.513788 -0.000887664
836 0.500499 0.500059 -0.000879505
837 0.482311 0.481887 -0.000879172
838 0.459805 0.459411 -0.000855877
839 0.433137 0.432773 -0.000839386
840 0.402503 0.402169 -0.000830513
841 0.368138 0.367832 -0.000830664
842 0.330315 0.330048 -0.0008073
843 0.28935 0.289121 -0.000790141
844 0.245599 0.245407 -0.000780908
845 0.199456 0.1993 -0.000783221
846 0.151352 0.151237 -0.000760036
847 0.101749 0.101673 -0.000739614
848 0.0511301 0.0510932 -0.000721878
849 0 0 -nan
850 0 0 -nan
851 0.0442593 0.0442093 -0.00113008
852 0.0880816 0.087983 -0.00111859
853 0.131037 0.130891 -0.00111008
854 0.172709 0.172518 -0.00110456
855 0.212701 0.212467 -0.00110204
856 0.250642 0.250371 -0.00108074
857 0.286189 0.285883 -0.00106825
858 0.319031 0.318692 -0.00106247
859 0.348891 0.34852 -0.00106231
860 0.375526 0.375135 -0.00104044
861 0.398727 0.398318 -0.00102685
862 0.418319 0.417892 -0.0010205
863 0.434159 0.433716 -0.00102079
864 0.446135 0.44569 -0.000998084
865 0.454165 0.453718 -0.00098321
866 0.458193 0.457746 -0.000975804
867 0.458193 0.457746 -0.000975805
868 0.454165 0.453732 -0.0009521
869 0.446135 0.445718 -0.000935898
870 0.434159 0.433757 -0.000927416
871 0.418319 0.417931 -0.000927204
872 0.398727 0.398367 -0.000902832
873 0.375526 0.375193 -0.000885638
874 0.348891 0.348585 -0.000876478
875 0.319031 0.318751 -0.000876832
876 0.286189 0.285945 -0.000852395
877 0.250642 0.250433 -0.000834484
878 0.212701 0.212526 -0.000824912
879 0.172709 0.172566 -0.000827495
880 0.131037 0.130932 -0.000803152
881 0.0880816 0.0880127 -0.000781689
882 0.0442593 0.0442255 -0.000763024
883 0 0 -nan
884 0 0 -nan
885 0.0378282 0.0377843 -0.00115871
886 0.0752868 0.0752005 -0.00114666
887 0.112012 0.111885 -0.00113768
888 0.147651 0.147484 -0.00113178
889 0.181867 0.181662 -0.00112898
890 0.214343 0.214105 -0.00110658
891 0.244784 0.244517 -0.00109335
892 0.272925 0.272628 -0.00108711
893 0.298524 0.2982 -0.00108671
894 0.321371 0.321029 -0.00106373
895 0.341282 0.340924 -0.00104939
896 0.358104 0.357731 -0.00104261
897 0.37171 0.371323 -0.00104276
898 0.382 0.381611 -0.00101902
899 0.388901 0.388511 -0.00100347
900 0.392363 0.391973 -0.00099573
901 0.392363 0.391973 -0.000995731
902 0.388901 0.388523 -0.00097111
903 0.382 0.381636 -0.000954329
904 0.37171 0.371359 -0.00094561
905 0.358104 0.357766 -0.000945526
906 0.341282 0.340968 -0.000920321
907 0.321371 0.321081 -0.0009026
908 0.298524 0.298258 -0.000893251
909 0.272925 0.272681 -0.000893811
910 0.244784 0.244572 -0.000868552
911 0.214343 0.21416 -0.000850073
912 0.181867 0.181714 -0.000840262
913 0.147651 0.147527 -0.000843095
914 0.112012 0.111921 -0.000817843
915 0.0752868 0.0752269 -0.000795559
916 0.0378282 0.0377988 -0.000776157
917 0 0 -nan
918 0 0 -nan
919 0.0317689 0.0317312 -0.00118734
920 0.0632302 0.0631559 -0.00117478
921 0.0940807 0.0939711 -0.00116538
922 0.124026 0.123882 -0.00115914
923 0.152785 0.152608 -0.00115609
924 0.18009 0.179886 -0.00113271
925 0.205697 0.205466 -0.00111881
926 0.229377 0.229122 -0.00111216
927 0.250929 0.25065 -0.00111157
928 0.270171 0.269877 -0.00108758
929 0.286949 0.286641 -0.00107257
930 0.301128 0.300807 -0.0010654
931 0.3126 0.312267 -0.00106544
932 0.321279 0.320945 -0.00104076
933 0.3271 0.326765 -0.0010246
934 0.330021 0.329686 -0.00101655
935 0.330021 0.329686 -0.00101655
936 0.3271 0.326776 -0.00099108
937 0.321279 0.320966 -0.00097376
938 0.3126 0.312299 -0.000964815
939 0.301128 0.300837 -0.000964836
940 0.286949 0.286679 -0.000938854
941 0.270171 0.269923 -0.000920634
942 0.250929 0.2507 -0.000911094
943 0.229377 0.229168 -0.000911827
944 0.205697 0.205514 -0.000885796
945 0.18009 0.179934 -0.000866781
946 0.152785 0.152654 -0.000856737
947 0.124026 0.123919 -0.000859786
948 0.0940807 0.0940023 -0.000833689
949 0.0632302 0.0631789 -0.000810644
950 0.0317689 0.0317438 -0.000790561
951 0 0 -nan
952 0 0 -nan
953 0.0260193 0.0259875 -0.00121851
954 0.0517883 0.0517259 -0.0012055
955 0.0770605 0.0769684 -0.00119572
956 0.101596 0.101475 -0.00118918
957 0.125165 0.125016 -0.00118592
958 0.147549 0.147378 -0.00116165
959 0.168548 0.168354 -0.00114717
960 0.187973 0.187759 -0.00114016
961 0.205659 0.205424 -0.00113942
962 0.221455 0.221208 -0.00111453
963 0.235231 0.234973 -0.00109891
964 0.246878 0.246609 -0.0010914
965 0.256304 0.256024 -0.00109135
966 0.263436 0.263155 -0.00106583
967 0.268221 0.267939 -0.0010491
968 0.270622 0.27034 -0.00104078
969 0.270622 0.27034 -0.00104078
970 0.268221 0.267949 -0.00101453
971 0.263436 0.263174 -0.000996713
972 0.256304 0.256051 -0.000987551
973 0.246878 0.246635 -0.000987657
974 0.235231 0.235005 -0.000960948
975 0.221455 0.221246 -0.000942257
976 0.205659 0.205467 -0.000932526
977 0.187973 0.187798 -0.0009334
978 0.168548 0.168395 -0.000906647
979 0.147549 0.147419 -0.000887127
980 0.125165 0.125055 -0.000876855
981 0.101596 0.101507 -0.000880089
982 0.0770605 0.0769948 -0.000853212
983 0.0517883 0.0517454 -0.000829464
984 0.0260193 0.0259982 -0.000808755
985 0 0 -nan
986 0 0 -nan
987 0.0205215 0.0204957 -0.00125738
988 0.0408468 0.040796 -0.00124396
989 0.0607823 0.0607073 -0.00123384
990 0.0801394 0.0800411 -0.00122704
991 0.0987374 0.0986166 -0.0012236
992 0.116405 0.116265 -0.00119854
993 0.132982 0.132825 -0.00118354
994 0.148322 0.148148 -0.00117623
995 0.162292 0.162101 -0.00117536
996 0.174772 0.174571 -0.00114965
997 0.18566 0.18545 -0.0011335
998 0.194867 0.194647 -0.0011257
999 0.202319 0.202091 -0.00112558
1000 0.207959 0.20773 -0.00109928
1001 0.211743 0.211513 -0.00108205
1002 0.213642 0.213412 -0.00107347
1003 0.213642 0.213412 -0.00107347
1004 0.211743 0.211521 -0.0010465
1005 0.207959 0.207745 -0.00102821
1006 0.202319 0.202113 -0.00101884
1007 0.194867 0.194668 -0.001019
1008 0.18566 0.185476 -0.000991606
1009 0.174772 0.174602 -0.000972458
1010 0.162292 0.162136 -0.00096253
1011 0.148322 0.148179 -0.000963513
1012 0.132982 0.132858 -0.00093607
1013 0.116405 0.116298 -0.000916062
1014 0.0987374 0.098648 -0.000905562
1015 0.0801394 0.0800666 -0.00090895
1016 0.0607823 0.0607287 -0.000881339
1017 0.0408468 0.0408118 -0.000856933
1018 0.0205215 0.0205044 -0.00083564
1019 0 0 -nan
1020 0 0 -nan
1021 0.0152215 0.0152024 -0.00125527
1022 0.030298 0.0302604 -0.0012416
1023 0.0450864 0.0450309 -0.00123127
1024 0.0594475 0.0593747 -0.00122431
1025 0.0732473 0.0731579 -0.00122073
1026 0.0863589 0.0862556 -0.00119518
1027 0.0986636 0.0985472 -0.00117985
1028 0.110052 0.109923 -0.00117232
1029 0.120425 0.120284 -0.00117134
1030 0.129695 0.129546 -0.00114514
1031 0.137782 0.137627 -0.00112865
1032 0.144623 0.144461 -0.00112065
1033 0.15016 0.149992 -0.00112047
1034 0.154352 0.154183 -0.00109371
1035 0.157164 0.156995 -0.00107617
1036 0.158576 0.158406 -0.00106745
1037 0.158576 0.158406 -0.00106745
1038 0.157164 0.157001 -0.00104008
1039 0.154352 0.154194 -0.00102154
1040 0.15016 0.150008 -0.00101207
1041 0.144623 0.144476 -0.0010123
1042 0.137782 0.137647 -0.000984545
1043 0.129695 0.129569 -0.000965175
1044 0.120425 0.12031 -0.000955174
1045 0.110052 0.109947 -0.000956256
1046 0.0986636 0.098572 -0.000928463
1047 0.0863589 0.0862804 -0.000908215
1048 0.0732473 0.0731815 -0.000897619
1049 0.0594475 0.0593939 -0.000901123
1050 0.0450864 0.0450471 -0.000873119
1051 0.030298 0.0302723 -0.000848358
1052 0.0152215 0.0152089 -0.000826744
1053 0 0 -nan
1054 0 0 -nan
1055 0.0100675 0.0100549 -0.00124809
1056 0.0200393 0.0200146 -0.00123426
1057 0.0298212 0.0297847 -0.00122379
1058 0.039321 0.0392732 -0.00121671
1059 0.0484505 0.0483917 -0.00121304
1060 0.0571256 0.0570578 -0.00118716
1061 0.065268 0.0651915 -0.00117161
1062 0.0728051 0.0727204 -0.00116393
1063 0.0796711 0.0795785 -0.00116286
1064 0.0858074 0.0857098 -0.00113633
1065 0.0911622 0.0910601 -0.00111961
1066 0.0956915 0.0955852 -0.00111148
1067 0.0993588 0.0992484 -0.00111125
1068 0.102135 0.102024 -0.00108419
1069 0.103997 0.103886 -0.00106646
1070 0.104932 0.104821 -0.00105763
1071 0.104932 0.104821 -0.00105763
1072 0.103997 0.10389 -0.00103
1073 0.102135 0.102031 -0.0010113
1074 0.0993588 0.0992592 -0.00100177
1075 0.0956915 0.0955957 -0.00100204
1076 0.0911622 0.0910734 -0.000974063
1077 0.0858074 0.0857254 -0.000954554
1078 0.0796711 0.0795959 -0.000944511
1079 0.0728051 0.0727363 -0.000945664
1080 0.065268 0.0652081 -0.000917647
1081 0.0571256 0.0570744 -0.000897248
1082 0.0484505 0.0484075 -0.000886593
1083 0.039321 0.039286 -0.000890177
1084 0.0298212 0.0297955 -0.000861919
1085 0.0200393 0.0200225 -0.000836927
1086 0.0100675 0.0100593 -0.000815104
1087 0 0 -nan
1088 0 0 -nan
1089 0.0050098 0.00500361 -0.00123604
1090 0.0099721 0.00995991 -0.00122212
1091 0.01484 0.014822 -0.00121159
1092 0.0195678 0.0195442 -0.00120444
1093 0.0241115 0.0240825 -0.00120072
1094 0.0284293 0.028396 -0.00117467
1095 0.0324823 0.0324447 -0.001159
1096 0.0362344 0.0361926 -0.00115125
1097 0.0396526 0.039607 -0.00115013
1098 0.0427077 0.0426597 -0.00112344
1099 0.045374 0.0453238 -0.0011066
1100 0.0476294 0.0475771 -0.00109839
1101 0.0494557 0.0494014 -0.00109813
1102 0.0508381 0.0507836 -0.00107092
1103 0.0517657 0.0517112 -0.0010531
1104 0.0522314 0.0521769 -0.00104422
1105 0.0522314 0.0521769 -0.00104422
1106 0.0517657 0.0517131 -0.00101648
1107 0.0508381 0.0507874 -0.000997707
1108 0.0494557 0.0494068 -0.000988154
1109 0.0476294 0.0475824 -0.00098846
1110 0.045374 0.0453304 -0.000960384
1111 0.0427077 0.0426675 -0.000940822
1112 0.0396526 0.0396157 -0.00093077
1113 0.0362344 0.0362006 -0.000931969
1114 0.0324823 0.032453 -0.00090386
1115 0.0284293 0.0284042 -0.000883402
1116 0.0241115 0.0240904 -0.00087273
1117 0.0195678 0.0195506 -0.00087636
1118 0.01484 0.0148274 -0.000847991
1119 0.0099721 0.00996389 -0.000822897
1120 0.0050098 0.00500579 -0.00080098
1121 0 0 -nan
1122 0 1.20152e-152 inf
1123 0 1.24173e+219 inf
1124 0 1.25667e-75 inf
1125 0 6.03944e+19 inf
1126 0 5.06037e-76 inf
1127 0 9.0366e+217 inf
1128 0 1.5901e-28 inf
1129 0 1.31263e-71 inf
1130 0 1.39949e-76 inf
1131 0 4.11509e+179 inf
1132 0 1.69637e-139 inf
1133 0 1.12765e-134 inf
1134 0 1.32577e-75 inf
1135 0 4.58249e-72 inf
1136 0 9.18925e+58 inf
1137 0 9.4369e+164 inf
1138 0 3.37299e-57 inf
1139 0 9.95829e-43 inf
1140 0 6.16542e-56 inf
1141 0 7.62219e+169 inf
1142 0 2.85898e-110 inf
1143 0 8.07132e+175 inf
1144 0 2.08677e-75 inf
1145 0 1.46639e-70 inf
1146 0 4.41529e+35 inf
1147 0 6.20073e+169 inf
1148 0 8.16403e-96 inf
1149 0 2.40556e-57 inf
1150 0 1.04176e-76 inf
1151 0 5.78462e+174 inf
1152 0 2.78669e+179 inf
1153 0 2.99887e+180 inf
1154 0 1.46612e-47 inf
1155 0 1.32163e-70 inf
