0 5 5 0
1 5 5 0
2 5 5 0
3 5 5 0
4 5 5 0
5 5 5 0
6 5 5 0
7 5 5 0
8 5 5 0
9 5 5 0
10 5 5 0
11 5 5 0
12 5 5 0
13 5 5 0
14 5 5 0
15 5 5 0
16 5 5 0
17 5 5 0
18 5 5 0
19 5 5 0
20 5 5 0
21 5 5 0
22 5 5 0
23 5 5 0
24 5 5 0
25 5 5 0
26 5 5 0
27 5 5 0
28 5 5 0
29 5 5 0
30 5 5 0
31 5 5 0
32 5 5 0
33 5 5 0
34 0 0 -nan
35 2.49495 2.49495 -8.71923e-07
36 3.47814 3.47813 -1.21083e-06
37 3.93779 3.93778 -1.55714e-06
38 4.18704 4.18703 -1.90136e-06
39 4.33854 4.33853 -2.2416e-06
40 4.43852 4.43851 -2.43969e-06
41 4.50841 4.5084 -2.64556e-06
42 4.55924 4.55923 -2.86241e-06
43 4.5972 4.59718 -3.09443e-06
44 4.62599 4.62597 -3.09929e-06
45 4.64795 4.64794 -3.13397e-06
46 4.66461 4.6646 -3.20321e-06
47 4.67699 4.67697 -3.31146e-06
48 4.68577 4.68575 -3.14503e-06
49 4.6914 4.69138 -3.03018e-06
50 4.69414 4.69413 -2.97107e-06
51 4.69414 4.69413 -2.97108e-06
52 4.6914 4.69138 -2.68814e-06
53 4.68577 4.68576 -2.47261e-06
54 4.67699 4.67698 -2.32703e-06
55 4.66461 4.6646 -2.25296e-06
56 4.64795 4.64794 -1.92565e-06
57 4.62599 4.62598 -1.67212e-06
58 4.5972 4.59719 -1.49273e-06
59 4.55924 4.55923 -1.38716e-06
60 4.50841 4.5084 -1.08942e-06
61 4.43852 4.43852 -8.60393e-07
62 4.33854 4.33854 -6.98565e-07
63 4.18704 4.18703 -6.0344e-07
64 3.93779 3.93779 -3.97194e-07
65 3.47814 3.47813 -2.41886e-07
66 2.49495 2.49495 -1.32416e-07
67 0 0 -nan
68 0 0 -nan
69 1.50167 1.50166 -2.8045e-06
70 2.4798 2.47979 -3.28539e-06
71 3.08599 3.08598 -3.84151e-06
72 3.47182 3.4718 -4.43142e-06
73 3.7286 3.72858 -5.03933e-06
74 3.90714 3.90711 -5.34582e-06
75 4.03588 4.03586 -5.694e-06
76 4.13135 4.13133 -6.08243e-06
77 4.20356 4.20353 -6.51534e-06
78 4.25881 4.25878 -6.46718e-06
79 4.30121 4.30118 -6.49567e-06
80 4.33351 4.33348 -6.60773e-06
81 4.35758 4.35755 -6.81079e-06
82 4.37469 4.37466 -6.43644e-06
83 4.38567 4.38564 -6.17973e-06
84 4.39104 4.39102 -6.04813e-06
85 4.39104 4.39102 -6.04815e-06
86 4.38567 4.38565 -5.45325e-06
87 4.37469 4.37467 -5.0064e-06
88 4.35758 4.35756 -4.7129e-06
89 4.33351 4.33349 -4.57684e-06
90 4.30121 4.30119 -3.90311e-06
91 4.25881 4.2588 -3.38918e-06
92 4.20356 4.20355 -3.03733e-06
93 4.13135 4.13134 -2.84989e-06
94 4.03588 4.03587 -2.24248e-06
95 3.90714 3.90713 -1.78361e-06
96 3.7286 3.7286 -1.47442e-06
97 3.47182 3.47181 -1.32346e-06
98 3.08599 3.08599 -9.02694e-07
99 2.4798 2.4798 -5.86994e-07
100 1.50167 1.50167 -3.64969e-07
101 0 0 -nan
102 0 0 -nan
103 1.03191 1.03191 -5.94204e-06
104 1.85342 1.85341 -6.39619e-06
105 2.45456 2.45455 -7.02431e-06
106 2.88564 2.88561 -7.75151e-06
107 3.19692 3.19689 -8.5433e-06
108 3.42555 3.42552 -8.85105e-06
109 3.59662 3.59659 -9.26647e-06
110 3.72674 3.7267 -9.77403e-06
111 3.82689 3.82685 -1.03726e-05
112 3.90449 3.90445 -1.02057e-05
113 3.96457 3.96453 -1.01827e-05
114 4.01065 4.01061 -1.0309e-05
115 4.04514 4.0451 -1.0593e-05
116 4.06974 4.0697 -9.96512e-06
117 4.08557 4.08553 -9.53708e-06
118 4.09332 4.09328 -9.31847e-06
119 4.09332 4.09328 -9.31849e-06
120 4.08557 4.08554 -8.3786e-06
121 4.06974 4.06971 -7.68157e-06
122 4.04514 4.04511 -7.23584e-06
123 4.01065 4.01062 -7.04923e-06
124 3.96457 3.96455 -6.00434e-06
125 3.90449 3.90447 -5.21828e-06
126 3.82689 3.82687 -4.69742e-06
127 3.72674 3.72672 -4.45065e-06
128 3.59662 3.59661 -3.51295e-06
129 3.42555 3.42554 -2.81533e-06
130 3.19692 3.19691 -2.36678e-06
131 2.88564 2.88563 -2.19668e-06
132 2.45456 2.45456 -1.53557e-06
133 1.85342 1.85342 -1.03293e-06
134 1.03191 1.03191 -6.68303e-07
135 0 0 -nan
136 0 0 -nan
137 0.772563 0.772555 -1.03046e-05
138 1.4474 1.44738 -1.06294e-05
139 1.99321 1.99319 -1.12221e-05
140 2.41925 2.41922 -1.19917e-05
141 2.7479 2.74786 -1.28892e-05
142 3.00151 3.00148 -1.30865e-05
143 3.19833 3.19829 -1.34906e-05
144 3.35209 3.35204 -1.40628e-05
145 3.47279 3.47274 -1.47912e-05
146 3.56768 3.56763 -1.44341e-05
147 3.64196 3.6419 -1.43113e-05
148 3.69937 3.69932 -1.44224e-05
149 3.74261 3.74256 -1.47737e-05
150 3.77358 3.77352 -1.38428e-05
151 3.79356 3.79351 -1.32116e-05
152 3.80335 3.80331 -1.28903e-05
153 3.80335 3.80331 -1.28904e-05
154 3.79356 3.79351 -1.15681e-05
155 3.77358 3.77354 -1.05987e-05
156 3.74261 3.74257 -9.99403e-06
157 3.69937 3.69934 -9.76712e-06
158 3.64196 3.64193 -8.31993e-06
159 3.56768 3.56765 -7.24435e-06
160 3.47279 3.47277 -6.55329e-06
161 3.35209 3.35207 -6.2669e-06
162 3.19833 3.19832 -4.96807e-06
163 3.00151 3.0015 -4.01283e-06
164 2.7479 2.74789 -3.4238e-06
165 2.41925 2.41924 -3.26413e-06
166 1.99321 1.99321 -2.31862e-06
167 1.4474 1.44739 -1.58293e-06
168 0.772563 0.772562 -1.02588e-06
169 0 0 -nan
170 0 0 -nan
171 0.610946 0.610936 -1.59181e-05
172 1.17039 1.17038 -1.60539e-05
173 1.65163 1.65161 -1.65363e-05
174 2.05027 2.05023 -1.72748e-05
175 2.37391 2.37387 -1.82131e-05
176 2.63429 2.63424 -1.81915e-05
177 2.84312 2.84307 -1.85079e-05
178 3.0105 3.01044 -1.90919e-05
179 3.14452 3.14446 -1.99161e-05
180 3.2515 3.25143 -1.92945e-05
181 3.33622 3.33615 -1.9022e-05
182 3.40228 3.40222 -1.90878e-05
183 3.45237 3.4523 -1.94938e-05
184 3.48841 3.48835 -1.82068e-05
185 3.51174 3.51168 -1.73386e-05
186 3.5232 3.52314 -1.6898e-05
187 3.5232 3.52314 -1.68981e-05
188 3.51174 3.51169 -1.51516e-05
189 3.48841 3.48836 -1.38839e-05
190 3.45237 3.45233 -1.3111e-05
191 3.40228 3.40224 -1.28525e-05
192 3.33622 3.33618 -1.09651e-05
193 3.2515 3.25146 -9.57648e-06
194 3.14452 3.14449 -8.7089e-06
195 3.0105 3.01047 -8.39886e-06
196 2.84312 2.8431 -6.69769e-06
197 2.63429 2.63427 -5.45595e-06
198 2.37391 2.3739 -4.71618e-06
199 2.05027 2.05026 -4.58878e-06
200 1.65163 1.65163 -3.3003e-06
201 1.17039 1.17039 -2.27247e-06
202 0.610946 0.610945 -1.46432e-06
203 0 0 -nan
204 0 0 -nan
205 0.500828 0.500817 -2.16209e-05
206 0.971605 0.971585 -2.14967e-05
207 1.39267 1.39264 -2.17705e-05
208 1.75628 1.75624 -2.23647e-05
209 2.06319 2.06314 -2.32268e-05
210 2.31862 2.31857 -2.28207e-05
211 2.52938 2.52932 -2.29103e-05
212 2.70227 2.7022 -2.33896e-05
213 2.84332 2.84325 -2.4213e-05
214 2.95758 2.95751 -2.31982e-05
215 3.04914 3.04907 -2.26768e-05
216 3.12119 3.12112 -2.26239e-05
217 3.1762 3.17612 -2.30347e-05
218 3.21597 3.21591 -2.13162e-05
219 3.24181 3.24175 -2.01619e-05
220 3.25453 3.25447 -1.95778e-05
221 3.25453 3.25447 -1.95779e-05
222 3.24181 3.24176 -1.73812e-05
223 3.21597 3.21592 -1.58124e-05
224 3.1762 3.17615 -1.48914e-05
225 3.12119 3.12115 -1.46462e-05
226 3.04914 3.0491 -1.23297e-05
227 2.95758 2.95755 -1.06582e-05
228 2.84332 2.84329 -9.66508e-06
229 2.70227 2.70224 -9.40708e-06
230 2.52938 2.52936 -7.32875e-06
231 2.31862 2.31861 -5.83721e-06
232 2.06319 2.06318 -4.99906e-06
233 1.75628 1.75627 -4.98207e-06
234 1.39267 1.39267 -3.34596e-06
235 0.971605 0.971604 -2.01133e-06
236 0.500828 0.500827 -9.25695e-07
237 0 0 -nan
238 0 0 -nan
239 0.420762 0.42075 -2.83458e-05
240 0.822534 0.822511 -2.79374e-05
241 1.19117 1.19113 -2.79785e-05
242 1.519 1.51896 -2.84044e-05
243 1.80396 1.80391 -2.91686e-05
244 2.04763 2.04757 -2.83002e-05
245 2.25353 2.25347 -2.81117e-05
246 2.42589 2.42582 -2.84544e-05
247 2.56891 2.56883 -2.92612e-05
248 2.68639 2.68632 -2.77866e-05
249 2.78159 2.78151 -2.69738e-05
250 2.85717 2.8571 -2.67797e-05
251 2.91527 2.91519 -2.71896e-05
252 2.9575 2.95742 -2.49853e-05
253 2.98502 2.98495 -2.35101e-05
254 2.9986 2.99853 -2.27654e-05
255 2.9986 2.99853 -2.27655e-05
256 2.98502 2.98496 -2.00683e-05
257 2.9575 2.95744 -1.81643e-05
258 2.91527 2.91522 -1.7078e-05
259 2.85717 2.85713 -1.68471e-05
260 2.78159 2.78155 -1.40468e-05
261 2.68639 2.68636 -1.20517e-05
262 2.56891 2.56888 -1.09096e-05
263 2.42589 2.42586 -1.07028e-05
264 2.25353 2.25351 -8.17932e-06
265 2.04763 2.04762 -6.38218e-06
266 1.80396 1.80395 -5.40889e-06
267 1.519 1.519 -5.49846e-06
268 1.19117 1.19116 -3.42747e-06
269 0.822534 0.822533 -1.70476e-06
270 0.420762 0.420762 -2.70925e-07
271 0 0 -nan
272 0 0 -nan
273 0.359689 0.359676 -3.62808e-05
274 0.706608 0.706583 -3.55607e-05
275 1.03046 1.03042 -3.53471e-05
276 1.32462 1.32457 -3.5586e-05
277 1.58604 1.58598 -3.62377e-05
278 1.81442 1.81436 -3.4834e-05
279 2.01123 2.01116 -3.43205e-05
280 2.17887 2.17879 -3.44994e-05
281 2.32006 2.31998 -3.52782e-05
282 2.43751 2.43743 -3.32773e-05
283 2.53367 2.53359 -3.21317e-05
284 2.61066 2.61058 -3.17751e-05
285 2.67023 2.67015 -3.21806e-05
286 2.71374 2.71367 -2.94336e-05
287 2.74221 2.74213 -2.76012e-05
288 2.75627 2.7562 -2.66783e-05
289 2.75627 2.7562 -2.66784e-05
290 2.74221 2.74214 -2.34258e-05
291 2.71374 2.71369 -2.1149e-05
292 2.67023 2.67018 -1.98774e-05
293 2.61066 2.61061 -1.96603e-05
294 2.53367 2.53363 -1.63152e-05
295 2.43751 2.43747 -1.39509e-05
296 2.32006 2.32003 -1.26322e-05
297 2.17887 2.17884 -1.24729e-05
298 2.01123 2.01121 -9.43036e-06
299 1.81442 1.81441 -7.26746e-06
300 1.58604 1.58603 -6.11991e-06
301 1.32462 1.32461 -6.31196e-06
302 1.03046 1.03045 -3.71866e-06
303 0.706608 0.706607 -1.52895e-06
304 0.359689 0.359689 3.2038e-07
305 0 0 -nan
306 0 0 -nan
307 0.311387 0.311373 -4.56822e-05
308 0.613757 0.613729 -4.46204e-05
309 0.899451 0.899411 -4.41301e-05
310 1.16298 1.16293 -4.41659e-05
311 1.40116 1.4011 -4.46943e-05
312 1.6128 1.61273 -4.26854e-05
313 1.79813 1.79805 -4.18033e-05
314 1.95831 1.95823 -4.17946e-05
315 2.09498 2.09489 -4.25374e-05
316 2.20993 2.20985 -3.9944e-05
317 2.30495 2.30486 -3.84244e-05
318 2.3816 2.38151 -3.7885e-05
319 2.44128 2.44119 -3.8284e-05
320 2.48507 2.48498 -3.49353e-05
321 2.51381 2.51373 -3.27079e-05
322 2.52804 2.52796 -3.1588e-05
323 2.52804 2.52796 -3.15881e-05
324 2.51381 2.51374 -2.77217e-05
325 2.48507 2.48501 -2.50313e-05
326 2.44128 2.44122 -2.35521e-05
327 2.3816 2.38155 -2.3347e-05
328 2.30495 2.3049 -1.93915e-05
329 2.20993 2.2099 -1.6608e-05
330 2.09498 2.09494 -1.50826e-05
331 1.95831 1.95828 -1.49657e-05
332 1.79813 1.79811 -1.13261e-05
333 1.6128 1.61279 -8.73485e-06
334 1.40116 1.40115 -7.37323e-06
335 1.16298 1.16297 -7.66468e-06
336 0.899451 0.899447 -4.46237e-06
337 0.613757 0.613756 -1.72863e-06
338 0.311387 0.311387 6.01522e-07
339 0 0 -nan
340 0 0 -nan
341 0.272105 0.27209 -5.26865e-05
342 0.537587 0.537559 -5.123e-05
343 0.790617 0.790577 -5.03977e-05
344 1.0267 1.02665 -5.01541e-05
345 1.24285 1.24279 -5.04746e-05
346 1.4375 1.43743 -4.77269e-05
347 1.61019 1.61012 -4.63565e-05
348 1.76128 1.7612 -4.60527e-05
349 1.89162 1.89154 -4.66649e-05
350 2.00233 2.00225 -4.33521e-05
351 2.0946 2.09451 -4.13561e-05
352 2.16956 2.16947 -4.05548e-05
353 2.22824 2.22815 -4.08905e-05
354 2.27148 2.2714 -3.68622e-05
355 2.29995 2.29987 -3.41888e-05
356 2.31407 2.31399 -3.28466e-05
357 2.31407 2.31399 -3.28468e-05
358 2.29995 2.29988 -2.83462e-05
359 2.27148 2.27143 -2.52462e-05
360 2.22824 2.22818 -2.3587e-05
361 2.16956 2.16951 -2.34458e-05
362 2.0946 2.09456 -1.89025e-05
363 2.00233 2.0023 -1.57406e-05
364 1.89162 1.8916 -1.40675e-05
365 1.76128 1.76126 -1.4073e-05
366 1.61019 1.61017 -9.86941e-06
367 1.4375 1.43749 -6.89127e-06
368 1.24285 1.24285 -5.36764e-06
369 1.0267 1.02669 -5.82825e-06
370 0.790617 0.790616 -2.01734e-06
371 0.537587 0.537587 1.26797e-06
372 0.272105 0.272106 4.09573e-06
373 0 0 -nan
374 0 0 -nan
375 0.239449 0.239434 -6.08282e-05
376 0.473874 0.473846 -5.89541e-05
377 0.69874 0.6987 -5.77705e-05
378 0.910361 0.910309 -5.72489e-05
379 1.10606 1.106 -5.7372e-05
380 1.28417 1.2841 -5.38405e-05
381 1.44387 1.4438 -5.19617e-05
382 1.58502 1.58494 -5.13607e-05
383 1.70793 1.70784 -5.18543e-05
384 1.8132 1.81312 -4.77734e-05
385 1.90158 1.90149 -4.52748e-05
386 1.97382 1.97373 -4.42035e-05
387 2.03066 2.03057 -4.44839e-05
388 2.07271 2.07263 -3.97232e-05
389 2.10046 2.10038 -3.65699e-05
390 2.11425 2.11418 -3.49887e-05
391 2.11425 2.11418 -3.49889e-05
392 2.10046 2.1004 -2.97917e-05
393 2.07271 2.07265 -2.62358e-05
394 2.03066 2.03061 -2.43672e-05
395 1.97382 1.97377 -2.4279e-05
396 1.90158 1.90154 -1.90705e-05
397 1.8132 1.81318 -1.54678e-05
398 1.70793 1.70791 -1.36029e-05
399 1.58502 1.585 -1.37105e-05
400 1.44387 1.44386 -8.85082e-06
401 1.28417 1.28417 -5.40951e-06
402 1.10606 1.10606 -3.67091e-06
403 0.910361 0.910357 -4.28428e-06
404 0.69874 0.69874 2.28246e-07
405 0.473874 0.473876 4.14554e-06
406 0.239449 0.239451 7.53703e-06
407 0 0 -nan
408 0 0 -nan
409 0.21182 0.211805 -7.05324e-05
410 0.419726 0.419698 -6.82154e-05
411 0.620118 0.620077 -6.66677e-05
412 0.809954 0.8099 -6.58664e-05
413 0.986883 0.986818 -6.57998e-05
414 1.14927 1.1492 -6.14374e-05
415 1.29613 1.29606 -5.90286e-05
416 1.42703 1.42694 -5.81274e-05
417 1.5419 1.54181 -5.85141e-05
418 1.641 1.64091 -5.36155e-05
419 1.72472 1.72463 -5.0587e-05
420 1.79353 1.79344 -4.92375e-05
421 1.8479 1.84781 -4.94706e-05
422 1.88826 1.88818 -4.39229e-05
423 1.91497 1.91489 -4.02546e-05
424 1.92826 1.92819 -3.84173e-05
425 1.92826 1.92819 -3.84174e-05
426 1.91497 1.91491 -3.24592e-05
427 1.88826 1.88821 -2.83999e-05
428 1.8479 1.84785 -2.62918e-05
429 1.79353 1.79348 -2.62463e-05
430 1.72472 1.72468 -2.02941e-05
431 1.641 1.64098 -1.6188e-05
432 1.5419 1.54188 -1.40884e-05
433 1.42703 1.42701 -1.42799e-05
434 1.29613 1.29612 -8.6739e-06
435 1.14927 1.14927 -4.69631e-06
436 0.986883 0.986881 -2.6937e-06
437 0.809954 0.809951 -3.4479e-06
438 0.620118 0.620119 1.8549e-06
439 0.419726 0.419729 6.48069e-06
440 0.21182 0.211822 1.04993e-05
441 0 0 -nan
442 0 0 -nan
443 0.188109 0.188093 -8.23239e-05
444 0.3731 0.37307 -7.95367e-05
445 0.552063 0.55202 -7.76098e-05
446 0.722466 0.722411 -7.65244e-05
447 0.882261 0.882194 -7.62734e-05
448 1.02992 1.02984 -7.1031e-05
449 1.16439 1.16431 -6.80688e-05
450 1.28507 1.28498 -6.6863e-05
451 1.39168 1.39159 -6.71535e-05
452 1.48421 1.48412 -6.13858e-05
453 1.5628 1.56271 -5.77993e-05
454 1.6277 1.62761 -5.61623e-05
455 1.67918 1.67908 -5.63558e-05
456 1.71751 1.71743 -4.9965e-05
457 1.74293 1.74285 -4.57455e-05
458 1.7556 1.75552 -4.36341e-05
459 1.7556 1.75552 -4.36343e-05
460 1.74293 1.74287 -3.68492e-05
461 1.71751 1.71746 -3.22383e-05
462 1.67918 1.67913 -2.98609e-05
463 1.6277 1.62765 -2.98485e-05
464 1.5628 1.56277 -2.3074e-05
465 1.48421 1.48418 -1.84032e-05
466 1.39168 1.39166 -1.60276e-05
467 1.28507 1.28505 -1.62875e-05
468 1.16439 1.16438 -9.84752e-06
469 1.02992 1.02991 -5.26394e-06
470 0.882261 0.882258 -2.95222e-06
471 0.722466 0.722463 -3.83918e-06
472 0.552063 0.552064 2.33863e-06
473 0.3731 0.373102 7.7461e-06
474 0.188109 0.188111 1.2453e-05
475 0 0 -nan
476 0 0 -nan
477 0.16752 0.167505 -8.79593e-05
478 0.332508 0.33248 -8.46707e-05
479 0.492577 0.492536 -8.23226e-05
480 0.645601 0.645549 -8.09017e-05
481 0.789797 0.789733 -8.04072e-05
482 0.92376 0.923692 -7.42019e-05
483 1.04646 1.04639 -7.0606e-05
484 1.1572 1.15712 -6.90182e-05
485 1.25557 1.25549 -6.91395e-05
486 1.34139 1.3413 -6.24178e-05
487 1.41461 1.41453 -5.82e-05
488 1.47532 1.47524 -5.62151e-05
489 1.52364 1.52355 -5.63217e-05
490 1.55971 1.55964 -4.90384e-05
491 1.58368 1.58361 -4.42348e-05
492 1.59564 1.59557 -4.18329e-05
493 1.59564 1.59557 -4.18331e-05
494 1.58368 1.58363 -3.42208e-05
495 1.55971 1.55967 -2.90734e-05
496 1.52364 1.5236 -2.64567e-05
497 1.47532 1.47528 -2.65219e-05
498 1.41461 1.41459 -1.89628e-05
499 1.34139 1.34137 -1.37748e-05
500 1.25557 1.25556 -1.11802e-05
501 1.1572 1.15719 -1.15744e-05
502 1.04646 1.04646 -4.34728e-06
503 0.92376 0.923761 7.9376e-07
504 0.789797 0.7898 3.36439e-06
505 0.645601 0.645602 2.29097e-06
506 0.492577 0.492582 9.32264e-06
507 0.332508 0.332513 1.54992e-05
508 0.16752 0.167523 2.08916e-05
509 0 0 -nan
510 0 0 -nan
511 0.149465 0.149451 -9.50964e-05
512 0.296843 0.296816 -9.12878e-05
513 0.440147 0.440108 -8.85126e-05
514 0.577578 0.577528 -8.67619e-05
515 0.707583 0.707522 -8.60398e-05
516 0.82889 0.828825 -7.88435e-05
517 0.940513 0.940443 -7.46078e-05
518 1.04173 1.04166 -7.26483e-05
519 1.13206 1.13197 -7.26232e-05
520 1.21119 1.21111 -6.49164e-05
521 1.27897 1.2789 -6.00546e-05
522 1.33537 1.33529 -5.77237e-05
523 1.38038 1.3803 -5.77582e-05
524 1.41406 1.41399 -4.95398e-05
525 1.43648 1.43642 -4.41247e-05
526 1.44767 1.44761 -4.14188e-05
527 1.44767 1.44761 -4.14191e-05
528 1.43648 1.43643 -3.29202e-05
529 1.41406 1.41403 -2.71906e-05
530 1.38038 1.38035 -2.4303e-05
531 1.33537 1.33533 -2.44301e-05
532 1.27897 1.27895 -1.60102e-05
533 1.21119 1.21117 -1.02424e-05
534 1.13206 1.13205 -7.38298e-06
535 1.04173 1.04172 -7.88731e-06
536 0.940513 0.940514 2.1213e-07
537 0.82889 0.828895 5.97986e-06
538 0.707583 0.707589 8.85703e-06
539 0.577578 0.577582 7.61271e-06
540 0.440147 0.440154 1.55758e-05
541 0.296843 0.29685 2.25874e-05
542 0.149465 0.149469 2.8719e-05
543 0 0 -nan
544 0 0 -nan
545 0.133501 0.133487 -0.00010445
546 0.265259 0.265233 -0.000100102
547 0.393603 0.393565 -9.68924e-05
548 0.516996 0.516947 -9.48144e-05
549 0.634084 0.634025 -9.38769e-05
550 0.743726 0.743663 -8.56595e-05
551 0.844997 0.844928 -8.07754e-05
552 0.937182 0.937108 -7.84513e-05
553 1.01976 1.01968 -7.82994e-05
554 1.09236 1.09229 -6.95753e-05
555 1.15476 1.15469 -6.4055e-05
556 1.20683 1.20675 -6.13784e-05
557 1.24849 1.24841 -6.13538e-05
558 1.27972 1.27966 -5.21577e-05
559 1.30054 1.30048 -4.61037e-05
560 1.31094 1.31089 -4.30802e-05
561 1.31094 1.31089 -4.30805e-05
562 1.30054 1.30049 -3.36373e-05
563 1.27972 1.27969 -2.72814e-05
564 1.24849 1.24846 -2.40934e-05
565 1.20683 1.2068 -2.42688e-05
566 1.15476 1.15475 -1.49156e-05
567 1.09236 1.09235 -8.50995e-06
568 1.01976 1.01975 -5.34425e-06
569 0.937182 0.937176 -5.93839e-06
570 0.844997 0.844999 3.11209e-06
571 0.743726 0.743733 9.56955e-06
572 0.634084 0.634093 1.27954e-05
573 0.516996 0.517001 1.13916e-05
574 0.393603 0.393611 2.03575e-05
575 0.265259 0.265267 2.82652e-05
576 0.133501 0.133506 3.51862e-05
577 0 0 -nan
578 0 0 -nan
579 0.119285 0.119271 -0.000116897
580 0.237098 0.237071 -0.000111991
581 0.35202 0.351982 -0.000108337
582 0.462732 0.462683 -0.000105932
583 0.568051 0.567992 -0.000104788
584 0.666955 0.666891 -9.55182e-05
585 0.75859 0.758521 -8.9975e-05
586 0.842269 0.842196 -8.72906e-05
587 0.917462 0.917382 -8.70285e-05
588 0.983774 0.983698 -7.72539e-05
589 1.04093 1.04085 -7.10593e-05
590 1.08873 1.08865 -6.80356e-05
591 1.12705 1.12698 -6.79634e-05
592 1.15584 1.15578 -5.77471e-05
593 1.17505 1.17499 -5.10268e-05
594 1.18465 1.1846 -4.76721e-05
595 1.18465 1.1846 -4.76724e-05
596 1.17505 1.175 -3.72292e-05
597 1.15584 1.15581 -3.0205e-05
598 1.12705 1.12702 -2.6689e-05
599 1.08873 1.0887 -2.69011e-05
600 1.04093 1.04091 -1.65467e-05
601 0.983774 0.983765 -9.4492e-06
602 0.917462 0.917457 -5.94011e-06
603 0.842269 0.842264 -6.60753e-06
604 0.75859 0.758592 3.46647e-06
605 0.666955 0.666962 1.06709e-05
606 0.568051 0.568059 1.42825e-05
607 0.462732 0.462738 1.27272e-05
608 0.35202 0.352028 2.2762e-05
609 0.237098 0.237105 3.16219e-05
610 0.119285 0.119289 3.93792e-05
611 0 0 -nan
612 0 0 -nan
613 0.106544 0.106531 -0.000118341
614 0.211834 0.21181 -0.000112877
615 0.314658 0.314624 -0.000108767
616 0.413876 0.413832 -0.000106012
617 0.508452 0.508399 -0.000104628
618 0.597475 0.597418 -9.42905e-05
619 0.680163 0.680103 -8.80577e-05
620 0.75587 0.755806 -8.49718e-05
621 0.824078 0.824008 -8.45504e-05
622 0.88438 0.884315 -7.37074e-05
623 0.936472 0.93641 -6.68126e-05
624 0.980132 0.98007 -6.34111e-05
625 1.0152 1.01514 -6.32575e-05
626 1.04158 1.04153 -5.2027e-05
627 1.0592 1.05915 -4.46434e-05
628 1.06801 1.06797 -4.0959e-05
629 1.06801 1.06797 -4.09593e-05
630 1.0592 1.05917 -2.95584e-05
631 1.04158 1.04156 -2.19061e-05
632 1.0152 1.01518 -1.80992e-05
633 0.980132 0.980114 -1.83808e-05
634 0.936472 0.936465 -7.09715e-06
635 0.88438 0.884381 6.25644e-07
636 0.824078 0.824081 4.41962e-06
637 0.75587 0.755873 3.63171e-06
638 0.680163 0.680173 1.4649e-05
639 0.597475 0.597488 2.25308e-05
640 0.508452 0.508466 2.64735e-05
641 0.413876 0.413886 2.47331e-05
642 0.314658 0.314669 3.5774e-05
643 0.211834 0.211844 4.55352e-05
644 0.106544 0.10655 5.409e-05
645 0 0 -nan
646 0 0 -nan
647 0.0950598 0.0950482 -0.000121855
648 0.189046 0.189024 -0.000115826
649 0.280913 0.280882 -0.000111262
650 0.369676 0.369636 -0.000108166
651 0.454425 0.454377 -0.000106558
652 0.534349 0.534299 -9.5147e-05
653 0.608741 0.608687 -8.82313e-05
654 0.676999 0.676942 -8.47595e-05
655 0.738628 0.738566 -8.42015e-05
656 0.793228 0.793171 -7.22827e-05
657 0.840486 0.840432 -6.46896e-05
658 0.880163 0.880109 -6.09193e-05
659 0.912082 0.912027 -6.06993e-05
660 0.936118 0.936072 -4.84353e-05
661 0.952185 0.952146 -4.03761e-05
662 0.96023 0.960196 -3.63559e-05
663 0.96023 0.960196 -3.63563e-05
664 0.952185 0.952162 -2.39619e-05
665 0.936118 0.936103 -1.56523e-05
666 0.912082 0.912072 -1.15321e-05
667 0.880163 0.880152 -1.18686e-05
668 0.840486 0.840486 3.93698e-07
669 0.793228 0.793235 8.78374e-06
670 0.738628 0.738638 1.28953e-05
671 0.676999 0.677007 1.20079e-05
672 0.608741 0.608756 2.40217e-05
673 0.534349 0.534367 3.26248e-05
674 0.454425 0.454442 3.69297e-05
675 0.369676 0.369689 3.50176e-05
676 0.280913 0.280926 4.71091e-05
677 0.189046 0.189056 5.78086e-05
678 0.0950598 0.0950662 6.71905e-05
679 0 0 -nan
680 0 0 -nan
681 0.0846534 0.0846425 -0.000128534
682 0.168382 0.168362 -0.000121936
683 0.250285 0.250255 -0.000116919
684 0.329503 0.329466 -0.000113489
685 0.405241 0.405196 -0.00011167
686 0.476778 0.476731 -9.9181e-05
687 0.543476 0.543427 -9.15879e-05
688 0.604784 0.604731 -8.77436e-05
689 0.660237 0.660179 -8.70685e-05
690 0.70945 0.709397 -7.40678e-05
691 0.752114 0.752065 -6.57778e-05
692 0.787987 0.787938 -6.16463e-05
693 0.816882 0.816832 -6.13727e-05
694 0.838662 0.838622 -4.80586e-05
695 0.853232 0.853198 -3.93132e-05
696 0.860531 0.860501 -3.49519e-05
697 0.860531 0.860501 -3.49522e-05
698 0.853232 0.853213 -2.15335e-05
699 0.838662 0.838651 -1.25411e-05
700 0.816882 0.816875 -8.0884e-06
701 0.787987 0.78798 -8.46749e-06
702 0.752114 0.752118 4.81594e-06
703 0.70945 0.70946 1.39089e-05
704 0.660237 0.660249 1.83656e-05
705 0.604784 0.604795 1.7396e-05
706 0.543476 0.543493 3.04513e-05
707 0.476778 0.476797 3.98122e-05
708 0.405241 0.405259 4.45053e-05
709 0.329503 0.329517 4.24321e-05
710 0.250285 0.250299 5.56112e-05
711 0.168382 0.168394 6.728e-05
712 0.0846534 0.08466 7.75136e-05
713 0 0 -nan
714 0 0 -nan
715 0.0751753 0.0751648 -0.00013976
716 0.149552 0.149533 -0.000132587
717 0.222351 0.222323 -0.000127117
718 0.292824 0.292788 -0.000123361
719 0.360276 0.360232 -0.000121343
720 0.424066 0.424021 -0.000107772
721 0.483625 0.483577 -9.9506e-05
722 0.538451 0.538399 -9.53007e-05
723 0.588113 0.588058 -9.4525e-05
724 0.632251 0.6322 -8.0437e-05
725 0.670567 0.67052 -7.14515e-05
726 0.702823 0.702776 -6.69655e-05
727 0.728832 0.728783 -6.66494e-05
728 0.748453 0.748414 -5.22707e-05
729 0.761587 0.761554 -4.28297e-05
730 0.768169 0.76814 -3.81226e-05
731 0.768169 0.76814 -3.8123e-05
732 0.761587 0.761569 -2.36531e-05
733 0.748453 0.748442 -1.39561e-05
734 0.728832 0.728825 -9.15435e-06
735 0.702823 0.702816 -9.56559e-06
736 0.670567 0.670571 4.77514e-06
737 0.632251 0.63226 1.46013e-05
738 0.588113 0.588125 1.94262e-05
739 0.538451 0.538461 1.83888e-05
740 0.483625 0.483641 3.25234e-05
741 0.424066 0.424085 4.26725e-05
742 0.360276 0.360293 4.7775e-05
743 0.292824 0.292838 4.55492e-05
744 0.222351 0.222364 5.98469e-05
745 0.149552 0.149563 7.25105e-05
746 0.0751753 0.0751816 8.36162e-05
747 0 0 -nan
748 0 0 -nan
749 0.0664989 0.0664899 -0.000134556
750 0.132308 0.132291 -0.000126851
751 0.196752 0.196728 -0.000120954
752 0.259182 0.259152 -0.000116877
753 0.318988 0.318951 -0.00011465
754 0.375606 0.375569 -0.000100065
755 0.428529 0.42849 -9.11536e-05
756 0.477305 0.477264 -8.65838e-05
757 0.521542 0.521497 -8.56794e-05
758 0.560904 0.560864 -7.0571e-05
759 0.595113 0.595076 -6.09222e-05
760 0.623939 0.623904 -5.60854e-05
761 0.647203 0.647167 -5.57055e-05
762 0.664766 0.66474 -4.03444e-05
763 0.676529 0.676508 -3.0261e-05
764 0.682426 0.682408 -2.52346e-05
765 0.682426 0.682408 -2.52351e-05
766 0.676529 0.676522 -9.82168e-06
767 0.664766 0.664767 4.99047e-07
768 0.647203 0.647207 5.59723e-06
769 0.623939 0.623943 5.13239e-06
770 0.595113 0.595125 2.04007e-05
771 0.560904 0.560921 3.08581e-05
772 0.521542 0.521561 3.59822e-05
773 0.477305 0.477322 3.4848e-05
774 0.428529 0.428551 4.99251e-05
775 0.375606 0.375629 6.07551e-05
776 0.318988 0.319009 6.6198e-05
777 0.259182 0.259198 6.38072e-05
778 0.196752 0.196767 7.90971e-05
779 0.132308 0.13232 9.26466e-05
780 0.0664989 0.0665058 0.000104533
781 0 0 -nan
782 0 0 -nan
783 0.0585154 0.0585076 -0.000132151
784 0.116436 0.116421 -0.000123927
785 0.173177 0.173156 -0.000117617
786 0.228176 0.22815 -0.000113236
787 0.280902 0.280871 -0.000110817
788 0.330861 0.330829 -9.52461e-05
789 0.377602 0.37757 -8.57151e-05
790 0.420723 0.420689 -8.08031e-05
791 0.459871 0.459834 -7.97892e-05
792 0.494739 0.494707 -6.36888e-05
793 0.525069 0.525041 -5.33998e-05
794 0.55065 0.550623 -4.82296e-05
795 0.571309 0.571282 -4.77982e-05
796 0.586915 0.586896 -3.14737e-05
797 0.59737 0.597358 -2.07606e-05
798 0.602614 0.602604 -1.54211e-05
799 0.602614 0.602604 -1.54216e-05
800 0.59737 0.597371 9.28764e-07
801 0.586915 0.586922 1.18728e-05
802 0.571309 0.571319 1.72728e-05
803 0.55065 0.550659 1.67657e-05
804 0.525069 0.525087 3.29643e-05
805 0.494739 0.49476 4.40601e-05
806 0.459871 0.459893 4.94947e-05
807 0.420723 0.420744 4.82802e-05
808 0.377602 0.377626 6.43036e-05
809 0.330861 0.330886 7.58202e-05
810 0.280902 0.280925 8.16122e-05
811 0.228176 0.228194 7.90697e-05
812 0.173177 0.173193 9.53478e-05
813 0.116436 0.116448 0.000109778
814 0.0585154 0.0585225 0.000122439
815 0 0 -nan
816 0 0 -nan
817 0.0511301 0.0511232 -0.000134171
818 0.101749 0.101736 -0.000125442
819 0.151352 0.151334 -0.000118734
820 0.199456 0.199434 -0.000114065
821 0.245599 0.245572 -0.000111469
822 0.28935 0.289323 -9.49444e-05
823 0.330315 0.330287 -8.48189e-05
824 0.368138 0.368109 -7.95857e-05
825 0.402503 0.402472 -7.84796e-05
826 0.433137 0.43311 -6.1418e-05
827 0.459805 0.459781 -5.05123e-05
828 0.482311 0.48229 -4.50259e-05
829 0.500499 0.500476 -4.45538e-05
830 0.514244 0.51423 -2.72883e-05
831 0.523457 0.523448 -1.59601e-05
832 0.528078 0.528072 -1.03149e-05
833 0.528078 0.528072 -1.03154e-05
834 0.523457 0.52346 6.96053e-06
835 0.514244 0.514254 1.85234e-05
836 0.500499 0.500511 2.42279e-05
837 0.482311 0.482323 2.36884e-05
838 0.459805 0.459823 4.08136e-05
839 0.433137 0.43316 5.25495e-05
840 0.402503 0.402527 5.83021e-05
841 0.368138 0.368159 5.70214e-05
842 0.330315 0.33034 7.39878e-05
843 0.28935 0.289375 8.61911e-05
844 0.245599 0.245622 9.23367e-05
845 0.199456 0.199474 8.96546e-05
846 0.151352 0.151369 0.000106911
847 0.101749 0.101761 0.000122211
848 0.0511301 0.051137 0.000135635
849 0 0 -nan
850 0 0 -nan
851 0.0442593 0.044253 -0.000142846
852 0.0880816 0.0880698 -0.000133626
853 0.131037 0.13102 -0.000126536
854 0.172709 0.172688 -0.000121593
855 0.212701 0.212676 -0.000118836
856 0.250642 0.250616 -0.000101388
857 0.286189 0.286163 -9.06929e-05
858 0.319031 0.319004 -8.51585e-05
859 0.348891 0.348862 -8.39758e-05
860 0.375526 0.375501 -6.59837e-05
861 0.398727 0.398705 -5.44845e-05
862 0.418319 0.418299 -4.86983e-05
863 0.434159 0.434139 -4.81952e-05
864 0.446135 0.446122 -3.00119e-05
865 0.454165 0.454156 -1.80837e-05
866 0.458193 0.458187 -1.21402e-05
867 0.458193 0.458187 -1.21407e-05
868 0.454165 0.454167 6.04748e-06
869 0.446135 0.446144 1.82233e-05
870 0.434159 0.43417 2.42335e-05
871 0.418319 0.418329 2.36705e-05
872 0.398727 0.398744 4.17156e-05
873 0.375526 0.375546 5.40908e-05
874 0.348891 0.348912 6.01668e-05
875 0.319031 0.31905 5.88325e-05
876 0.286189 0.286211 7.67354e-05
877 0.250642 0.250664 8.96227e-05
878 0.212701 0.212721 9.61244e-05
879 0.172709 0.172725 9.33135e-05
880 0.131037 0.131051 0.000111535
881 0.0880816 0.0880928 0.000127692
882 0.0442593 0.0442656 0.000141868
883 0 0 -nan
884 0 0 -nan
885 0.0378282 0.0378233 -0.000129793
886 0.0752868 0.0752778 -0.000120169
887 0.112012 0.112 -0.000112757
888 0.147651 0.147635 -0.000107577
889 0.181867 0.181848 -0.000104668
890 0.214343 0.214324 -8.64526e-05
891 0.244784 0.244766 -7.52727e-05
892 0.272925 0.272906 -6.94688e-05
893 0.298524 0.298504 -6.81973e-05
894 0.321371 0.321355 -4.94307e-05
895 0.341282 0.34127 -3.74301e-05
896 0.358104 0.358093 -3.13813e-05
897 0.37171 0.371699 -3.08351e-05
898 0.382 0.381996 -1.19005e-05
899 0.388901 0.388901 5.18954e-07
900 0.392363 0.392366 6.70676e-06
901 0.392363 0.392366 6.70625e-06
902 0.388901 0.388911 2.5622e-05
903 0.382 0.382015 3.82805e-05
904 0.37171 0.371727 4.45227e-05
905 0.358104 0.35812 4.39234e-05
906 0.341282 0.341304 6.26875e-05
907 0.321371 0.321395 7.5554e-05
908 0.298524 0.298549 8.18662e-05
909 0.272925 0.272947 8.04644e-05
910 0.244784 0.244809 9.90968e-05
911 0.214343 0.214367 0.000112512
912 0.181867 0.181889 0.00011928
913 0.147651 0.147668 0.000116347
914 0.112012 0.112027 0.000135331
915 0.0752868 0.0752983 0.000152169
916 0.0378282 0.0378345 0.000166943
917 0 0 -nan
918 0 0 -nan
919 0.0317689 0.0317651 -0.000120163
920 0.0632302 0.0632232 -0.000110171
921 0.0940807 0.0940711 -0.000102469
922 0.124026 0.124014 -9.70758e-05
923 0.152785 0.15277 -9.40347e-05
924 0.18009 0.180077 -7.51226e-05
925 0.205697 0.205683 -6.35059e-05
926 0.229377 0.229364 -5.74633e-05
927 0.250929 0.250915 -5.6119e-05
928 0.270171 0.270161 -3.66489e-05
929 0.286949 0.286942 -2.41952e-05
930 0.301128 0.301123 -1.79119e-05
931 0.3126 0.312595 -1.73319e-05
932 0.321279 0.32128 2.28939e-06
933 0.3271 0.327105 1.51578e-05
934 0.330021 0.330028 2.15689e-05
935 0.330021 0.330028 2.15684e-05
936 0.3271 0.327114 4.11551e-05
937 0.321279 0.321296 5.42607e-05
938 0.3126 0.312619 6.07206e-05
939 0.301128 0.301146 6.00934e-05
940 0.286949 0.286971 7.95249e-05
941 0.270171 0.270196 9.28502e-05
942 0.250929 0.250954 9.93869e-05
943 0.229377 0.2294 9.79305e-05
944 0.205697 0.205721 0.000117241
945 0.18009 0.180114 0.000131148
946 0.152785 0.152806 0.000138166
947 0.124026 0.124043 0.000135127
948 0.0940807 0.0940953 0.000154816
949 0.0632302 0.0632411 0.000172282
950 0.0317689 0.0317748 0.000187608
951 0 0 -nan
952 0 0 -nan
953 0.0260193 0.0260162 -0.000116435
954 0.0517883 0.0517828 -0.000106111
955 0.0770605 0.077053 -9.81478e-05
956 0.101596 0.101587 -9.25668e-05
957 0.125165 0.125154 -8.94123e-05
958 0.147549 0.147539 -6.98721e-05
959 0.168548 0.168538 -5.78653e-05
960 0.187973 0.187964 -5.16136e-05
961 0.205659 0.205648 -5.02118e-05
962 0.221455 0.221448 -3.01075e-05
963 0.235231 0.235227 -1.72474e-05
964 0.246878 0.246876 -1.07567e-05
965 0.256304 0.256302 -1.01516e-05
966 0.263436 0.263439 1.00931e-05
967 0.268221 0.268227 2.33692e-05
968 0.270622 0.27063 2.9983e-05
969 0.270622 0.27063 2.99825e-05
970 0.268221 0.268234 5.01846e-05
971 0.263436 0.263453 6.37022e-05
972 0.256304 0.256322 7.03654e-05
973 0.246878 0.246896 6.9718e-05
974 0.235231 0.235253 8.97663e-05
975 0.221455 0.221478 0.000103518
976 0.205659 0.205681 0.000110267
977 0.187973 0.187994 0.000108768
978 0.168548 0.168569 0.000128705
979 0.147549 0.147571 0.000143068
980 0.125165 0.125184 0.000150321
981 0.101596 0.101611 0.00014719
982 0.0770605 0.0770735 0.000167527
983 0.0517883 0.0517979 0.000185569
984 0.0260193 0.0260245 0.000201399
985 0 0 -nan
986 0 0 -nan
987 0.0205215 0.020519 -0.000123072
988 0.0408468 0.0408422 -0.000112443
989 0.0607823 0.0607759 -0.000104245
990 0.0801394 0.0801315 -9.84971e-05
991 0.0987374 0.098728 -9.52465e-05
992 0.116405 0.116396 -7.51355e-05
993 0.132982 0.132974 -6.27786e-05
994 0.148322 0.148314 -5.63445e-05
995 0.162292 0.162283 -5.49006e-05
996 0.174772 0.174766 -3.42195e-05
997 0.18566 0.185656 -2.09928e-05
998 0.194867 0.194864 -1.43185e-05
999 0.202319 0.202316 -1.36977e-05
1000 0.207959 0.20796 7.1196e-06
1001 0.211743 0.211747 2.077e-05
1002 0.213642 0.213648 2.75698e-05
1003 0.213642 0.213648 2.75693e-05
1004 0.211743 0.211753 4.83442e-05
1005 0.207959 0.207972 6.22475e-05
1006 0.202319 0.202333 6.91045e-05
1007 0.194867 0.19488 6.84452e-05
1008 0.18566 0.185676 8.90728e-05
1009 0.174772 0.17479 0.000103228
1010 0.162292 0.16231 0.000110183
1011 0.148322 0.148338 0.000108654
1012 0.132982 0.132999 0.000129179
1013 0.116405 0.116422 0.000143972
1014 0.0987374 0.0987524 0.000151451
1015 0.0801394 0.0801513 0.000148241
1016 0.0607823 0.0607925 0.000169182
1017 0.0408468 0.0408545 0.00018776
1018 0.0205215 0.0205257 0.000204059
1019 0 0 -nan
1020 0 0 -nan
1021 0.0152215 0.0152199 -0.00010271
1022 0.030298 0.0302952 -9.19032e-05
1023 0.0450864 0.0450827 -8.35607e-05
1024 0.0594475 0.0594429 -7.77053e-05
1025 0.0732473 0.0732418 -7.43837e-05
1026 0.0863589 0.0863542 -5.39314e-05
1027 0.0986636 0.0986595 -4.13565e-05
1028 0.110052 0.110048 -3.47983e-05
1029 0.120425 0.120421 -3.33093e-05
1030 0.129695 0.129693 -1.22835e-05
1031 0.137782 0.137783 1.16799e-06
1032 0.144623 0.144624 7.96202e-06
1033 0.15016 0.150162 8.606e-06
1034 0.154352 0.154356 2.97548e-05
1035 0.157164 0.157171 4.36221e-05
1036 0.158576 0.158584 5.05298e-05
1037 0.158576 0.158584 5.05292e-05
1038 0.157164 0.157175 7.16208e-05
1039 0.154352 0.154365 8.57328e-05
1040 0.15016 0.150174 9.2688e-05
1041 0.144623 0.144636 9.20089e-05
1042 0.137782 0.137798 0.000112946
1043 0.129695 0.129711 0.000127311
1044 0.120425 0.120441 0.000134363
1045 0.110052 0.110067 0.000132799
1046 0.0986636 0.0986787 0.000153638
1047 0.0863589 0.0863734 0.000168657
1048 0.0732473 0.0732602 0.000176247
1049 0.0594475 0.0594578 0.00017298
1050 0.0450864 0.0450952 0.000194252
1051 0.030298 0.0303044 0.000213125
1052 0.0152215 0.015225 0.000229685
1053 0 0 -nan
1054 0 0 -nan
1055 0.0100675 0.0100666 -8.35284e-05
1056 0.0200393 0.0200379 -7.26032e-05
1057 0.0298212 0.0298192 -6.41648e-05
1058 0.039321 0.0393187 -5.82365e-05
1059 0.0484505 0.0484478 -5.48657e-05
1060 0.0571256 0.0571237 -3.41864e-05
1061 0.065268 0.0652666 -2.14654e-05
1062 0.0728051 0.072804 -1.48228e-05
1063 0.0796711 0.0796701 -1.33012e-05
1064 0.0858074 0.085808 7.95384e-06
1065 0.0911622 0.0911642 2.15555e-05
1066 0.0956915 0.0956943 2.84305e-05
1067 0.0993588 0.0993617 2.90917e-05
1068 0.102135 0.10214 5.04594e-05
1069 0.103997 0.104004 6.44699e-05
1070 0.104932 0.10494 7.14489e-05
1071 0.104932 0.10494 7.14483e-05
1072 0.103997 0.104007 9.27469e-05
1073 0.102135 0.102146 0.000106995
1074 0.0993588 0.0993701 0.000114013
1075 0.0956915 0.0957024 0.000113319
1076 0.0911622 0.0911744 0.000134457
1077 0.0858074 0.0858201 0.000148957
1078 0.0796711 0.0796836 0.000156071
1079 0.0728051 0.0728163 0.000154482
1080 0.065268 0.0652795 0.000175524
1081 0.0571256 0.0571365 0.000190689
1082 0.0484505 0.0484601 0.000198351
1083 0.039321 0.0393287 0.000195044
1084 0.0298212 0.0298276 0.000216532
1085 0.0200393 0.020044 0.000235598
1086 0.0100675 0.01007 0.000252329
1087 0 0 -nan
1088 0 0 -nan
1089 0.0050098 0.00500947 -6.59106e-05
1090 0.0099721 0.00997155 -5.49288e-05
1091 0.01484 0.0148393 -4.64431e-05
1092 0.0195678 0.019567 -4.04772e-05
1093 0.0241115 0.0241106 -3.70789e-05
1094 0.0284293 0.0284289 -1.62894e-05
1095 0.0324823 0.0324822 -3.49515e-06
1096 0.0362344 0.0362345 3.19246e-06
1097 0.0396526 0.0396528 4.73516e-06
1098 0.0427077 0.0427088 2.61013e-05
1099 0.045374 0.0453758 3.97773e-05
1100 0.0476294 0.0476317 4.66942e-05
1101 0.0494557 0.049458 4.73672e-05
1102 0.0508381 0.0508416 6.88383e-05
1103 0.0517657 0.05177 8.29164e-05
1104 0.0522314 0.0522361 8.99289e-05
1105 0.0522314 0.0522361 8.99284e-05
1106 0.0517657 0.0517715 0.000111321
1107 0.0508381 0.0508445 0.000125629
1108 0.0494557 0.0494622 0.000132673
1109 0.0476294 0.0476357 0.000131968
1110 0.045374 0.045381 0.000153194
1111 0.0427077 0.0427149 0.000167751
1112 0.0396526 0.0396595 0.000174889
1113 0.0362344 0.0362406 0.000173283
1114 0.0324823 0.0324887 0.000194414
1115 0.0284293 0.0284353 0.000209642
1116 0.0241115 0.0241167 0.000217332
1117 0.0195678 0.019572 0.000214004
1118 0.01484 0.0148435 0.000235589
1119 0.0099721 0.00997464 0.000254742
1120 0.0050098 0.00501116 0.000271551
1121 0 0 -nan
1122 0 1.12765e-134 inf
1123 0 1.32577e-75 inf
1124 0 4.58249e-72 inf
1125 0 9.18925e+58 inf
1126 0 9.4369e+164 inf
1127 0 7.85336e-67 inf
1128 0 1.14394e-71 inf
1129 0 6.16542e-56 inf
1130 0 7.86924e-71 inf
1131 0 3.36176e-110 inf
1132 0 8.07132e+175 inf
1133 0 2.08623e-75 inf
1134 0 1.46639e-70 inf
1135 0 4.41529e+35 inf
1136 0 6.20073e+169 inf
1137 0 8.16403e-96 inf
1138 0 1.5765e-52 inf
1139 0 1.04176e-76 inf
1140 0 4.04846e-37 inf
1141 0 1.73291e+185 inf
1142 0 2.99887e+180 inf
1143 0 3.41359e-57 inf
1144 0 1.32163e-70 inf
1145 0 1.82672e+11 inf
1146 0 4.37179e+222 inf
1147 0 2.7055e+232 inf
1148 0 2.94465e-62 inf
1149 0 9.40336e-154 inf
1150 0 5.49134e+170 inf
1151 0 2.83042e-56 inf
1152 0 1.20152e-152 inf
1153 0 1.24173e+219 inf
1154 0 1.25667e-75 inf
1155 0 6.03944e+19 inf


