0 5 5 0
1 5 5 0
2 5 5 0
3 5 5 0
4 5 5 0
5 5 5 0
6 5 5 0
7 5 5 0
8 5 5 0
9 5 5 0
10 5 5 0
11 5 5 0
12 5 5 0
13 5 5 0
14 5 5 0
15 5 5 0
16 5 5 0
17 5 5 0
18 5 5 0
19 5 5 0
20 5 5 0
21 5 5 0
22 5 5 0
23 5 5 0
24 5 5 0
25 5 5 0
26 5 5 0
27 5 5 0
28 5 5 0
29 5 5 0
30 5 5 0
31 5 5 0
32 5 5 0
33 5 5 0
34 5 5 0
35 5 5 0
36 5 5 0
37 5 5 0
38 5 5 0
39 5 5 0
40 5 5 0
41 5 5 0
42 5 5 0
43 5 5 0
44 5 5 0
45 5 5 0
46 5 5 0
47 5 5 0
48 0 0 -nan
49 2.49575 2.49575 0
50 3.47976 3.47976 -1.27621e-16
51 3.94026 3.94026 0
52 4.1904 4.1904 0
53 4.34286 4.34286 2.04514e-16
54 4.1904 4.1904 0
55 4.34286 4.34286 2.04514e-16
56 4.44389 4.44389 1.99865e-16
57 4.51493 4.51493 0
58 4.56704 4.56704 0
59 4.60646 4.60646 0
60 4.56704 4.56704 0
61 4.60646 4.60646 0
62 4.63692 4.63692 0
63 4.66082 4.66082 0
64 4.67975 4.67975 -1.89792e-16
65 4.69482 4.69482 0
66 4.67975 4.67975 -1.89792e-16
67 4.69482 4.69482 0
68 4.70682 4.70682 0
69 4.71635 4.71635 0
70 4.72388 4.72388 0
71 4.7298 4.7298 0
72 4.72388 4.72388 0
73 4.7298 4.7298 0
74 4.73448 4.73448 0
75 4.73831 4.73831 0
76 4.74174 4.74174 -1.87311e-16
77 4.74537 4.74537 0
78 4.74174 4.74174 -1.87311e-16
79 4.74537 4.74537 0
80 4.75004 4.75004 -1.86983e-16
81 4.75701 4.75701 -1.86709e-16
82 4.7682 4.7682 0
83 4.78651 4.78651 -1.85559e-16
84 4.7682 4.7682 0
85 4.78651 4.78651 -1.85559e-16
86 4.81622 4.81622 -1.84414e-16
87 4.8632 4.8632 0
88 4.9339 4.9339 1.80015e-16
89 5.03044 5.03044 1.76561e-16
90 4.9339 4.9339 1.80015e-16
91 5.03044 5.03044 1.76561e-16
92 5.1351 5.1351 0
93 5.17724 5.17724 0
94 5.02807 5.02807 0
95 5 5 0
96 0 0 -nan
97 1.50326 1.50326 0
98 2.48302 2.48302 0
99 3.09089 3.09089 0
100 3.47848 3.47848 1.27667e-16
101 3.73716 3.73716 0
102 3.47848 3.47848 1.27667e-16
103 3.73716 3.73716 0
104 3.91776 3.91776 0
105 4.04878 4.04878 0
106 4.14679 4.14679 0
107 4.22187 4.22187 0
108 4.14679 4.14679 0
109 4.22187 4.22187 0
110 4.28041 4.28041 0
111 4.32662 4.32662 0
112 4.36337 4.36337 -2.03553e-16
113 4.39271 4.39271 -2.02194e-16
114 4.36337 4.36337 -2.03553e-16
115 4.39271 4.39271 -2.02194e-16
116 4.41611 4.41611 0
117 4.4347 4.4347 0
118 4.44936 4.44936 0
119 4.46084 4.46084 1.99106e-16
120 4.44936 4.44936 0
121 4.46084 4.46084 1.99106e-16
122 4.46982 4.46982 0
123 4.47703 4.47703 -1.98386e-16
124 4.48329 4.48329 -1.98109e-16
125 4.48969 4.48969 -1.97826e-16
126 4.48329 4.48329 -1.98109e-16
127 4.48969 4.48969 -1.97826e-16
128 4.49777 4.49777 -1.97471e-16
129 4.50981 4.50981 0
130 4.52929 4.52929 1.96096e-16
131 4.56162 4.56162 0
132 4.52929 4.52929 1.96096e-16
133 4.56162 4.56162 0
134 4.61519 4.61519 0
135 4.70268 4.70268 1.88867e-16
136 4.84198 4.84198 0
137 5.05276 5.05276 1.75781e-16
138 4.84198 4.84198 0
139 5.05276 5.05276 1.75781e-16
140 5.33271 5.33271 1.66553e-16
141 5.54578 5.54578 1.60154e-16
142 4.93503 4.93503 0
143 0 0 -nan
144 0 0 -nan
145 1.03427 1.03427 0
146 1.85817 1.85817 -1.19497e-16
147 2.46179 2.46179 0
148 2.89548 2.89548 -1.53373e-16
149 3.20956 3.20956 0
150 2.89548 2.89548 -1.53373e-16
151 3.20956 3.20956 0
152 3.44122 3.44122 1.2905e-16
153 3.61563 3.61563 0
154 3.74947 3.74947 1.1844e-16
155 3.85383 3.85383 0
156 3.74947 3.74947 1.1844e-16
157 3.85383 3.85383 0
158 3.93623 3.93623 0
159 4.00187 4.00187 -2.21941e-16
160 4.05442 4.05442 -2.19064e-16
161 4.09654 4.09654 0
162 4.05442 4.05442 -2.19064e-16
163 4.09654 4.09654 0
164 4.13023 4.13023 0
165 4.15699 4.15699 0
166 4.17803 4.17803 -2.12583e-16
167 4.19437 4.19437 2.11755e-16
168 4.17803 4.17803 -2.12583e-16
169 4.19437 4.19437 2.11755e-16
170 4.20694 4.20694 0
171 4.21669 4.21669 0
172 4.22469 4.22469 0
173 4.23234 4.23234 -2.09855e-16
174 4.22469 4.22469 0
175 4.23234 4.23234 -2.09855e-16
176 4.24156 4.24156 -2.09399e-16
177 4.25517 4.25517 2.08729e-16
178 4.27754 4.27754 2.07638e-16
179 4.31551 4.31551 0
180 4.27754 4.27754 2.07638e-16
181 4.31551 4.31551 0
182 4.38023 4.38023 2.0277e-16
183 4.49035 4.49035 3.95594e-16
184 4.67856 4.67856 1.8984e-16
185 5.00591 5.00591 1.77426e-16
186 4.67856 4.67856 1.8984e-16
187 5.00591 5.00591 1.77426e-16
188 5.59721 5.59721 0
189 6.73815 6.73815 0
190 9.16626 9.16626 0
191 15 15 0
192 0 0 -nan
193 0.775635 0.775635 0
194 1.45359 1.45359 -1.52756e-16
195 2.00264 2.00264 2.21752e-16
196 2.43209 2.43209 0
197 2.76437 2.76437 0
198 2.43209 2.43209 0
199 2.76437 2.76437 0
200 3.02192 3.02192 0
201 3.22307 3.22307 0
202 3.38164 3.38164 1.31324e-16
203 3.50777 3.50777 0
204 3.38164 3.38164 1.31324e-16
205 3.50777 3.50777 0
206 3.60883 3.60883 -1.23056e-16
207 3.69021 3.69021 -2.40685e-16
208 3.75589 3.75589 -2.36476e-16
209 3.80882 3.80882 -1.16595e-16
210 3.75589 3.75589 -2.36476e-16
211 3.80882 3.80882 -1.16595e-16
212 3.85128 3.85128 0
213 3.885 3.885 0
214 3.91141 3.91141 0
215 3.93169 3.93169 0
216 3.91141 3.91141 0
217 3.93169 3.93169 0
218 3.9469 3.9469 1.12516e-16
219 3.9581 3.9581 0
220 3.96647 3.96647 0
221 3.97343 3.97343 -1.11765e-16
222 3.96647 3.96647 0
223 3.97343 3.97343 -1.11765e-16
224 3.98094 3.98094 0
225 3.99179 3.99179 0
226 4.01017 4.01017 2.21481e-16
227 4.04265 4.04265 0
228 4.01017 4.01017 2.21481e-16
229 4.04265 4.04265 0
230 4.09986 4.09986 0
231 4.19993 4.19993 0
232 4.37601 4.37601 0
233 4.69512 4.69512 0
234 4.37601 4.37601 0
235 4.69512 4.69512 0
236 5.31207 5.31207 0
237 6.64336 6.64336 -1.33694e-16
238 9.99185 9.99185 -1.77781e-16
239 20 20 0
240 0 0 -nan
241 0.614683 0.614683 0
242 1.17793 1.17793 -1.88504e-16
243 1.6631 1.6631 0
244 2.06586 2.06586 0
245 2.3939 0 -1
246 2.06586 0 -1
247 2.3939 2.3939 -1.85508e-16
248 2.65904 2.65904 1.67011e-16
249 2.87309 2.87309 1.54568e-16
250 3.04625 3.04625 1.45782e-16
251 3.18677 0 -1
252 3.04625 0 -1
253 3.18677 3.18677 0
254 3.30111 3.30111 0
255 3.39427 3.39427 0
256 3.4701 3.4701 0
257 3.53158 0 -1
258 3.4701 0 -1
259 3.53159 3.53159 0
260 3.58106 3.58106 0
261 3.62034 3.62034 0
262 3.65094 3.65094 0
263 3.67407 0 -1
264 3.65094 0 -1
265 3.67408 3.67408 0
266 3.69088 3.69088 0
267 3.70236 3.70236 0
268 3.70964 3.70964 -1.19712e-16
269 3.71398 0 -1
270 3.70964 0 -1
271 3.71398 3.71398 2.39144e-16
272 3.717 3.717 0
273 3.72088 3.72088 1.19351e-16
274 3.72873 3.72873 0
275 3.74506 0 -1
276 3.72873 0 -1
277 3.74507 3.74507 1.1858e-16
278 3.77664 3.77664 1.17588e-16
279 3.83352 3.83352 1.15844e-16
280 3.93043 3.93043 -1.12987e-16
281 4.0865 0 -1
282 3.93043 0 -1
283 4.0865 4.0865 0
284 4.3126 4.3126 0
285 4.53137 4.53137 1.96007e-16
286 4.15779 4.15779 2.13618e-16
287 0 0 -nan
288 0 0 -nan
289 0.775635 0.775635 0
290 1.45359 1.45359 -1.52756e-16
291 2.00264 2.00264 2.21752e-16
292 2.43209 2.43209 0
293 2.76436 0 -1
294 2.43209 0 -1
295 2.76437 2.76437 0
296 3.02192 3.02192 0
297 3.22307 3.22307 0
298 3.38164 3.38164 1.31324e-16
299 3.50776 0 -1
300 3.38164 0 -1
301 3.50777 3.50777 0
302 3.60883 3.60883 -1.23056e-16
303 3.69021 3.69021 -2.40685e-16
304 3.75589 3.75589 -2.36476e-16
305 3.80882 0 -1
306 3.75589 0 -1
307 3.80882 3.80882 -1.16595e-16
308 3.85128 3.85128 0
309 3.885 3.885 0
310 3.91141 3.91141 0
311 3.93168 0 -1
312 3.91141 0 -1
313 3.93169 3.93169 0
314 3.9469 3.9469 1.12516e-16
315 3.9581 3.9581 0
316 3.96647 3.96647 0
317 3.97343 0 -1
318 3.96647 0 -1
319 3.97343 3.97343 -1.11765e-16
320 3.98094 3.98094 0
321 3.99179 3.99179 0
322 4.01017 4.01017 2.21481e-16
323 4.04265 0 -1
324 4.01017 0 -1
325 4.04265 4.04265 0
326 4.09986 4.09986 0
327 4.19993 4.19993 0
328 4.37601 4.37601 0
329 4.69512 0 -1
330 4.37601 0 -1
331 4.69512 4.69512 0
332 5.31207 5.31207 0
333 6.64336 6.64336 -1.33694e-16
334 9.99185 9.99185 -1.77781e-16
335 20 0 -1
336 0 0 -nan
337 0.614683 0.614683 0
338 1.17793 1.17793 -1.88504e-16
339 1.6631 1.6631 0
340 2.06586 2.06586 0
341 2.3939 2.3939 -1.85508e-16
342 2.06586 2.06586 0
343 2.3939 2.3939 -1.85508e-16
344 2.65904 2.65904 1.67011e-16
345 2.87309 2.87309 1.54568e-16
346 3.04625 3.04625 1.45782e-16
347 3.18677 3.18677 0
348 3.04625 3.04625 1.45782e-16
349 3.18677 3.18677 0
350 3.30111 3.30111 0
351 3.39427 3.39427 0
352 3.4701 3.4701 0
353 3.53159 3.53159 0
354 3.4701 3.4701 0
355 3.53159 3.53159 0
356 3.58106 3.58106 0
357 3.62034 3.62034 0
358 3.65094 3.65094 0
359 3.67408 3.67408 0
360 3.65094 3.65094 0
361 3.67408 3.67408 0
362 3.69088 3.69088 0
363 3.70236 3.70236 0
364 3.70964 3.70964 -1.19712e-16
365 3.71398 3.71398 2.39144e-16
366 3.70964 3.70964 -1.19712e-16
367 3.71398 3.71398 2.39144e-16
368 3.717 3.717 0
369 3.72088 3.72088 1.19351e-16
370 3.72873 3.72873 0
371 3.74507 3.74507 1.1858e-16
372 3.72873 3.72873 0
373 3.74507 3.74507 1.1858e-16
374 3.77664 3.77664 1.17588e-16
375 3.83352 3.83352 1.15844e-16
376 3.93043 3.93043 -1.12987e-16
377 4.0865 4.0865 0
378 3.93043 3.93043 -1.12987e-16
379 4.0865 4.0865 0
380 4.3126 4.3126 0
381 4.53137 4.53137 1.96007e-16
382 4.15779 4.15779 2.13618e-16
383 0 0 -nan
384 0 0 -nan
385 0.505167 0.505167 0
386 0.980355 0.980355 -1.13247e-16
387 1.40597 1.40597 1.57929e-16
388 1.77436 1.77436 -2.50281e-16
389 2.08635 2.08635 0
390 1.77436 1.77436 -2.50281e-16
391 2.08635 2.08635 0
392 2.34726 2.34726 1.89195e-16
393 2.56401 2.56401 1.73201e-16
394 2.74352 2.74352 3.23737e-16
395 2.89197 2.89197 -1.5356e-16
396 2.74352 2.74352 3.23737e-16
397 2.89197 2.89197 -1.5356e-16
398 3.01459 3.01459 -1.47313e-16
399 3.11567 3.11567 0
400 3.19868 3.19868 -1.38835e-16
401 3.26639 3.26639 0
402 3.19868 3.19868 -1.38835e-16
403 3.26639 3.26639 0
404 3.32103 3.32103 0
405 3.36439 3.36439 -1.31997e-16
406 3.39792 3.39792 0
407 3.42284 3.42284 -1.29743e-16
408 3.39792 3.39792 0
409 3.42284 3.42284 -1.29743e-16
410 3.44017 3.44017 -1.29089e-16
411 3.45085 3.45085 -1.2869e-16
412 3.45577 3.45577 0
413 3.45587 3.45587 -1.28503e-16
414 3.45577 3.45577 0
415 3.45587 3.45587 -1.28503e-16
416 3.45221 3.45221 -1.28639e-16
417 3.44602 3.44602 0
418 3.43879 3.43879 1.29141e-16
419 3.43226 3.43226 1.29387e-16
420 3.43879 3.43879 1.29141e-16
421 3.43226 3.43226 1.29387e-16
422 3.42813 3.42813 0
423 3.42707 3.42707 0
424 3.4257 3.4257 -1.29634e-16
425 3.40787 3.40787 0
426 3.4257 3.4257 -1.29634e-16
427 3.40787 3.40787 0
428 3.32044 3.32044 1.33744e-16
429 3.01173 3.01173 1.47453e-16
430 2.10793 2.10793 0
431 0 0 -nan
432 0 0 -nan
433 0.425631 0.425631 0
434 0.832349 0.832349 0
435 1.20608 1.20608 0
436 1.53926 1.53926 0
437 1.82989 1.82989 1.21343e-16
438 1.53926 1.53926 0
439 1.82989 1.82989 1.21343e-16
440 2.07965 2.07965 2.13541e-16
441 2.29218 2.29218 1.93741e-16
442 2.47185 2.47185 1.79659e-16
443 2.623 2.623 0
444 2.47185 2.47185 1.79659e-16
445 2.623 2.623 0
446 2.74961 2.74961 -1.6151e-16
447 2.85516 2.85516 1.55539e-16
448 2.94257 2.94257 0
449 3.01428 3.01428 0
450 2.94257 2.94257 0
451 3.01428 3.01428 0
452 3.07231 3.07231 -1.44546e-16
453 3.11828 3.11828 -1.42415e-16
454 3.15354 3.15354 -1.40822e-16
455 3.17919 3.17919 -1.39686e-16
456 3.15354 3.15354 -1.40822e-16
457 3.17919 3.17919 -1.39686e-16
458 3.19613 3.19613 -2.77892e-16
459 3.2051 3.2051 -2.77114e-16
460 3.20673 3.20673 0
461 3.20155 3.20155 0
462 3.20673 3.20673 0
463 3.20155 3.20155 0
464 3.18996 3.18996 0
465 3.1722 3.1722 1.39994e-16
466 3.14817 3.14817 0
467 3.11707 3.11707 0
468 3.14817 3.14817 0
469 3.11707 3.11707 0
470 3.07655 3.07655 0
471 3.02093 3.02093 -1.47004e-16
472 2.93745 2.93745 -1.51182e-16
473 2.79883 2.79883 0
474 2.93745 2.93745 -1.51182e-16
475 2.79883 2.79883 0
476 2.54956 2.54956 0
477 2.08719 2.08719 0
478 1.26221 1.26221 1.75917e-16
479 0 0 -nan
480 0 0 -nan
481 0.365011 0.365011 1.52081e-16
482 0.717333 0.717333 0
483 1.04675 1.04675 0
484 1.34672 1.34672 1.64878e-16
485 1.61429 1.61429 0
486 1.34672 1.34672 1.64878e-16
487 1.61429 1.61429 0
488 1.84927 1.84927 0
489 2.05323 2.05323 2.16288e-16
490 2.22871 2.22871 1.99258e-16
491 2.37858 2.37858 0
492 2.22871 2.22871 1.99258e-16
493 2.37858 2.37858 0
494 2.50572 2.50572 -1.7723e-16
495 2.6128 2.6128 -1.69967e-16
496 2.70217 2.70217 0
497 2.77588 2.77588 -3.19963e-16
498 2.70217 2.70217 0
499 2.77588 2.77588 -3.19963e-16
500 2.83564 2.83564 -1.5661e-16
501 2.88289 2.88289 0
502 2.91879 2.91879 0
503 2.94427 2.94427 -3.01663e-16
504 2.91879 2.91879 0
505 2.94427 2.94427 -3.01663e-16
506 2.96007 2.96007 0
507 2.96671 2.96671 0
508 2.96452 2.96452 1.49801e-16
509 2.95364 2.95364 0
510 2.96452 2.96452 1.49801e-16
511 2.95364 2.95364 0
512 2.93389 2.93389 3.02731e-16
513 2.90466 2.90466 3.05778e-16
514 2.86463 2.86463 3.1005e-16
515 2.81131 2.81131 1.57965e-16
516 2.86463 2.86463 3.1005e-16
517 2.81131 2.81131 1.57965e-16
518 2.74008 2.74008 0
519 2.64264 2.64264 -1.68048e-16
520 2.50436 2.50436 -1.77327e-16
521 2.30046 2.30046 0
522 2.50436 2.50436 -1.77327e-16
523 2.30046 2.30046 0
524 1.99179 1.99179 0
525 1.52527 1.52527 0
526 0.853715 0.853715 0
527 0 0 -nan
528 0 0 -nan
529 0.317082 0.317082 1.75069e-16
530 0.625228 0.625228 1.77571e-16
531 0.916863 0.916863 2.42179e-16
532 1.18658 1.18658 1.87129e-16
533 1.4313 0 -1
534 1.18658 0 -1
535 1.4313 1.4313 4.65405e-16
536 1.64992 1.64992 2.69159e-16
537 1.84278 1.84278 2.40988e-16
538 2.01118 2.01118 0
539 2.1569 0 -1
540 2.01118 0 -1
541 2.1569 2.1569 0
542 2.28191 2.28191 0
543 2.38815 2.38815 -1.85955e-16
544 2.47745 2.47745 -3.58505e-16
545 2.55142 0 -1
546 2.47745 0 -1
547 2.55143 2.55143 -1.74055e-16
548 2.61151 2.61151 -1.7005e-16
549 2.65887 2.65887 0
550 2.69447 2.69447 0
551 2.71905 0 -1
552 2.69447 0 -1
553 2.71905 2.71905 0
554 2.73318 2.73318 0
555 2.73714 2.73714 0
556 2.73103 2.73103 0
557 2.71462 0 -1
558 2.73103 0 -1
559 2.71463 2.71463 3.27183e-16
560 2.68731 2.68731 0
561 2.64791 2.64791 3.35426e-16
562 2.5944 2.5944 3.42344e-16
563 2.52347 0 -1
564 2.5944 0 -1
565 2.52348 2.52348 1.75983e-16
566 2.42984 2.42984 -1.82764e-16
567 2.30518 2.30518 0
568 2.13689 2.13689 0
569 1.90686 0 -1
570 2.13689 0 -1
571 1.90686 1.90686 0
572 1.59186 1.59186 -1.39488e-16
573 1.16838 1.16838 0
574 0.62738 0.62738 0
575 0 0 -nan
576 0 0 -nan
577 0.365011 0.365011 1.52081e-16
578 0.717333 0.717333 0
579 1.04675 1.04675 0
580 1.34672 1.34672 1.64878e-16
581 1.61429 0 -1
582 1.34672 0 -1
583 1.61429 1.61429 0
584 1.84927 1.84927 0
585 2.05323 2.05323 2.16288e-16
586 2.22871 2.22871 1.99258e-16
587 2.37857 0 -1
588 2.22871 0 -1
589 2.37858 2.37858 0
590 2.50572 2.50572 -1.7723e-16
591 2.6128 2.6128 -1.69967e-16
592 2.70217 2.70217 0
593 2.77587 0 -1
594 2.70217 0 -1
595 2.77588 2.77588 -3.19963e-16
596 2.83564 2.83564 -1.5661e-16
597 2.88289 2.88289 0
598 2.91879 2.91879 0
599 2.94426 0 -1
600 2.91879 0 -1
601 2.94427 2.94427 -3.01663e-16
602 2.96007 2.96007 0
603 2.96671 2.96671 0
604 2.96452 2.96452 1.49801e-16
605 2.95364 0 -1
606 2.96452 0 -1
607 2.95364 2.95364 0
608 2.93389 2.93389 3.02731e-16
609 2.90466 2.90466 3.05778e-16
610 2.86463 2.86463 3.1005e-16
611 2.81131 0 -1
612 2.86463 0 -1
613 2.81131 2.81131 1.57965e-16
614 2.74008 2.74008 0
615 2.64264 2.64264 -1.68048e-16
616 2.50436 2.50436 -1.77327e-16
617 2.30046 0 -1
618 2.50436 0 -1
619 2.30046 2.30046 0
620 1.99179 1.99179 0
621 1.52527 1.52527 0
622 0.853715 0.853715 0
623 0 0 -nan
624 0 0 -nan
625 0.317082 0.317082 1.75069e-16
626 0.625228 0.625228 1.77571e-16
627 0.916863 0.916863 2.42179e-16
628 1.18658 1.18658 1.87129e-16
629 1.4313 1.4313 4.65405e-16
630 1.18658 1.18658 1.87129e-16
631 1.4313 1.4313 4.65405e-16
632 1.64992 1.64992 2.69159e-16
633 1.84278 1.84278 2.40988e-16
634 2.01118 2.01118 0
635 2.1569 2.1569 0
636 2.01118 2.01118 0
637 2.1569 2.1569 0
638 2.28191 2.28191 0
639 2.38815 2.38815 -1.85955e-16
640 2.47745 2.47745 -3.58505e-16
641 2.55143 2.55143 -1.74055e-16
642 2.47745 2.47745 -3.58505e-16
643 2.55143 2.55143 -1.74055e-16
644 2.61151 2.61151 -1.7005e-16
645 2.65887 2.65887 0
646 2.69447 2.69447 0
647 2.71905 2.71905 0
648 2.69447 2.69447 0
649 2.71905 2.71905 0
650 2.73318 2.73318 0
651 2.73714 2.73714 0
652 2.73103 2.73103 0
653 2.71463 2.71463 3.27183e-16
654 2.73103 2.73103 0
655 2.71463 2.71463 3.27183e-16
656 2.68731 2.68731 0
657 2.64791 2.64791 3.35426e-16
658 2.5944 2.5944 3.42344e-16
659 2.52348 2.52348 1.75983e-16
660 2.5944 2.5944 3.42344e-16
661 2.52348 2.52348 1.75983e-16
662 2.42984 2.42984 -1.82764e-16
663 2.30518 2.30518 0
664 2.13689 2.13689 0
665 1.90686 1.90686 0
666 2.13689 2.13689 0
667 1.90686 1.90686 0
668 1.59186 1.59186 -1.39488e-16
669 1.16838 1.16838 0
670 0.62738 0.62738 0
671 0 0 -nan
672 0 0 -nan
673 0.278091 0.278091 0
674 0.549639 0.549639 2.01991e-16
675 0.808899 0.808899 2.74502e-16
676 1.05146 1.05146 2.11178e-16
677 1.27443 1.27443 0
678 1.05146 1.05146 2.11178e-16
679 1.27443 1.27443 0
680 1.47633 1.47633 1.50404e-16
681 1.65681 1.65681 1.34019e-16
682 1.81636 1.81636 1.22247e-16
683 1.95596 1.95596 1.13522e-16
684 1.81636 1.81636 1.22247e-16
685 1.95596 1.95596 1.13522e-16
686 2.07688 2.07688 0
687 2.18046 2.18046 0
688 2.26806 2.26806 0
689 2.34092 2.34092 0
690 2.26806 2.26806 0
691 2.34092 2.34092 0
692 2.40013 2.40013 -1.85027e-16
693 2.44664 2.44664 0
694 2.48118 2.48118 0
695 2.50434 2.50434 0
696 2.48118 2.48118 0
697 2.50434 2.50434 0
698 2.51646 2.51646 0
699 2.51768 2.51768 1.76388e-16
700 2.50786 2.50786 0
701 2.48654 2.48654 0
702 2.50786 2.50786 0
703 2.48654 2.48654 0
704 2.45284 2.45284 0
705 2.40529 2.40529 1.8463e-16
706 2.34161 2.34161 3.79303e-16
707 2.25838 2.25838 3.93281e-16
708 2.34161 2.34161 3.79303e-16
709 2.25838 2.25838 3.93281e-16
710 2.15064 2.15064 2.06491e-16
711 2.01138 2.01138 2.20788e-16
712 1.83115 1.83115 0
713 1.59826 1.59826 0
714 1.83115 1.83115 0
715 1.59826 1.59826 0
716 1.30041 1.30041 1.7075e-16
717 0.929033 0.929033 2.39006e-16
718 0.487424 0.487424 1.13887e-16
719 0 0 -nan
720 0 0 -nan
721 0.245645 0.245645 1.12991e-16
722 0.486344 0.486344 1.1414e-16
723 0.717642 0.717642 1.54704e-16
724 0.935933 0.935933 2.37244e-16
725 1.13863 1.13863 1.9501e-16
726 0.935933 0.935933 2.37244e-16
727 1.13863 1.13863 1.9501e-16
728 1.32416 1.32416 0
729 1.49179 1.49179 1.48844e-16
730 1.6415 1.6415 1.35269e-16
731 1.77372 1.77372 1.25186e-16
732 1.6415 1.6415 1.35269e-16
733 1.77372 1.77372 1.25186e-16
734 1.88919 1.88919 1.17535e-16
735 1.98878 1.98878 0
736 2.07344 2.07344 -2.1418e-16
737 2.14406 2.14406 0
738 2.07344 2.07344 -2.1418e-16
739 2.14406 2.14406 0
740 2.20148 2.20148 -2.01723e-16
741 2.24637 2.24637 0
742 2.27931 2.27931 0
743 2.30067 2.30067 0
744 2.27931 2.27931 0
745 2.30067 2.30067 0
746 2.31067 2.31067 0
747 2.30927 2.30927 1.92307e-16
748 2.2962 2.2962 0
749 2.27086 2.27086 1.9556e-16
750 2.2962 2.2962 0
751 2.27086 2.27086 1.9556e-16
752 2.23224 2.23224 1.98943e-16
753 2.17882 2.17882 2.03821e-16
754 2.10836 2.10836 4.21264e-16
755 2.0178 2.0178 2.20086e-16
756 2.10836 2.10836 4.21264e-16
757 2.0178 2.0178 2.20086e-16
758 1.90299 1.90299 1.16682e-16
759 1.75855 1.75855 1.26265e-16
760 1.57807 1.57807 0
761 1.35463 1.35463 1.63915e-16
762 1.57807 1.57807 0
763 1.35463 1.35463 1.63915e-16
764 1.08248 1.08248 2.05126e-16
765 0.759919 0.759919 2.92195e-16
766 0.393282 0.393282 1.41149e-16
767 0 0 -nan
768 0 0 -nan
769 0.218147 0.218147 1.27234e-16
770 0.432454 0.432454 0
771 0.639396 0.639396 1.73636e-16
772 0.836009 0.836009 1.328e-16
773 1.02002 1.02002 2.17686e-16
774 0.836009 0.836009 1.328e-16
775 1.02002 1.02002 2.17686e-16
776 1.18989 1.18989 0
777 1.34471 1.34471 1.65124e-16
778 1.48415 1.48415 2.99222e-16
779 1.60825 1.60825 1.38066e-16
780 1.48415 1.48415 2.99222e-16
781 1.60825 1.60825 1.38066e-16
782 1.71738 1.71738 0
783 1.81205 1.81205 0
784 1.89287 1.89287 0
785 1.96044 1.96044 2.26525e-16
786 1.89287 1.89287 0
787 1.96044 1.96044 2.26525e-16
788 2.01536 2.01536 2.20353e-16
789 2.05809 2.05809 0
790 2.08902 2.08902 0
791 2.1084 2.1084 0
792 2.08902 2.08902 0
793 2.1084 2.1084 0
794 2.11628 2.11628 0
795 2.11255 2.11255 2.10214e-16
796 2.09683 2.09683 0
797 2.06847 2.06847 0
798 2.09683 2.09683 0
799 2.06847 2.06847 0
800 2.02647 2.02647 2.19144e-16
801 1.96938 1.96938 2.25497e-16
802 1.89524 1.89524 4.68636e-16
803 1.8015 1.8015 2.46511e-16
804 1.89524 1.89524 4.68636e-16
805 1.8015 1.8015 2.46511e-16
806 1.68495 1.68495 0
807 1.54179 1.54179 1.44017e-16
808 1.36795 1.36795 1.62319e-16
809 1.15972 1.15972 1.91464e-16
810 1.36795 1.36795 1.62319e-16
811 1.15972 1.15972 1.91464e-16
812 0.914972 0.914972 3.64019e-16
813 0.634883 0.634883 3.49741e-16
814 0.325785 0.325785 3.40784e-16
815 0 0 -nan
816 0 0 -nan
817 0.194491 0.194491 0
818 0.385933 0.385933 0
819 0.571487 0.571487 -1.94269e-16
820 0.748691 0.748691 0
821 0.915567 0 -1
822 0.748691 0 -1
823 0.915571 0.915571 0
824 1.07067 1.07067 -2.07388e-16
825 1.21304 1.21304 -1.83048e-16
826 1.34213 1.34213 -1.65442e-16
827 1.45777 0 -1
828 1.34213 0 -1
829 1.45778 1.45778 0
830 1.56005 1.56005 1.42331e-16
831 1.6492 1.6492 2.69275e-16
832 1.72556 1.72556 1.2868e-16
833 1.7895 0 -1
834 1.72556 0 -1
835 1.78951 1.78951 3.72244e-16
836 1.84143 1.84143 1.20583e-16
837 1.88162 1.88162 1.18007e-16
838 1.91032 1.91032 1.16234e-16
839 1.92762 0 -1
840 1.91032 0 -1
841 1.92763 1.92763 1.1519e-16
842 1.93354 1.93354 3.44515e-16
843 1.92784 1.92784 2.30356e-16
844 1.91013 1.91013 2.32492e-16
845 1.87974 0 -1
846 1.91013 0 -1
847 1.87975 1.87975 2.36249e-16
848 1.8358 1.8358 2.41905e-16
849 1.777 1.777 2.49909e-16
850 1.70174 1.70174 1.30481e-16
851 1.60802 0 -1
852 1.70174 0 -1
853 1.60802 1.60802 2.76171e-16
854 1.49353 1.49353 4.46014e-16
855 1.35573 1.35573 3.27566e-16
856 1.19223 1.19223 1.86242e-16
857 1.00133 0 -1
858 1.19223 0 -1
859 1.00134 1.00134 2.21748e-16
860 0.782808 0.782808 0
861 0.53886 0.53886 -2.06032e-16
862 0.274974 0.274974 -4.03755e-16
863 0 0 -nan
864 0 0 -nan
865 0.218147 0.218147 1.27234e-16
866 0.432454 0.432454 0
867 0.639396 0.639396 1.73636e-16
868 0.836009 0.836009 1.328e-16
869 1.02002 0 -1
870 0.836009 0 -1
871 1.02002 1.02002 2.17686e-16
872 1.18989 1.18989 0
873 1.34471 1.34471 1.65124e-16
874 1.48415 1.48415 2.99222e-16
875 1.60824 0 -1
876 1.48415 0 -1
877 1.60825 1.60825 1.38066e-16
878 1.71738 1.71738 0
879 1.81205 1.81205 0
880 1.89287 1.89287 0
881 1.96043 0 -1
882 1.89287 0 -1
883 1.96044 1.96044 2.26525e-16
884 2.01536 2.01536 2.20353e-16
885 2.05809 2.05809 0
886 2.08902 2.08902 0
887 2.10839 0 -1
888 2.08902 0 -1
889 2.1084 2.1084 0
890 2.11628 2.11628 0
891 2.11255 2.11255 2.10214e-16
892 2.09683 2.09683 0
893 2.06846 0 -1
894 2.09683 0 -1
895 2.06847 2.06847 0
896 2.02647 2.02647 2.19144e-16
897 1.96938 1.96938 2.25497e-16
898 1.89524 1.89524 4.68636e-16
899 1.80149 0 -1
900 1.89524 0 -1
901 1.8015 1.8015 2.46511e-16
902 1.68495 1.68495 0
903 1.54179 1.54179 1.44017e-16
904 1.36795 1.36795 1.62319e-16
905 1.15972 0 -1
906 1.36795 0 -1
907 1.15972 1.15972 1.91464e-16
908 0.914972 0.914972 3.64019e-16
909 0.634883 0.634883 3.49741e-16
910 0.325785 0.325785 3.40784e-16
911 0 0 -nan
912 0 0 -nan
913 0.194491 0.194491 0
914 0.385933 0.385933 0
915 0.571487 0.571487 -1.94269e-16
916 0.748691 0.748691 0
917 0.915571 0.915571 0
918 0.748691 0.748691 0
919 0.915571 0.915571 0
920 1.07067 1.07067 -2.07388e-16
921 1.21304 1.21304 -1.83048e-16
922 1.34213 1.34213 -1.65442e-16
923 1.45778 1.45778 0
924 1.34213 1.34213 -1.65442e-16
925 1.45778 1.45778 0
926 1.56005 1.56005 1.42331e-16
927 1.6492 1.6492 2.69275e-16
928 1.72556 1.72556 1.2868e-16
929 1.78951 1.78951 3.72244e-16
930 1.72556 1.72556 1.2868e-16
931 1.78951 1.78951 3.72244e-16
932 1.84143 1.84143 1.20583e-16
933 1.88162 1.88162 1.18007e-16
934 1.91032 1.91032 1.16234e-16
935 1.92763 1.92763 1.1519e-16
936 1.91032 1.91032 1.16234e-16
937 1.92763 1.92763 1.1519e-16
938 1.93354 1.93354 3.44515e-16
939 1.92784 1.92784 2.30356e-16
940 1.91013 1.91013 2.32492e-16
941 1.87975 1.87975 2.36249e-16
942 1.91013 1.91013 2.32492e-16
943 1.87975 1.87975 2.36249e-16
944 1.8358 1.8358 2.41905e-16
945 1.777 1.777 2.49909e-16
946 1.70174 1.70174 1.30481e-16
947 1.60802 1.60802 2.76171e-16
948 1.70174 1.70174 1.30481e-16
949 1.60802 1.60802 2.76171e-16
950 1.49353 1.49353 4.46014e-16
951 1.35573 1.35573 3.27566e-16
952 1.19223 1.19223 1.86242e-16
953 1.00134 1.00134 2.21748e-16
954 1.19223 1.19223 1.86242e-16
955 1.00134 1.00134 2.21748e-16
956 0.782808 0.782808 0
957 0.53886 0.53886 -2.06032e-16
958 0.274974 0.274974 -4.03755e-16
959 0 0 -nan
960 0 0 -nan
961 0.173888 0.173888 0
962 0.345308 0.345308 0
963 0.511936 0.511936 0
964 0.671711 0.671711 1.65283e-16
965 0.822915 0.822915 0
966 0.671711 0.671711 1.65283e-16
967 0.822915 0.822915 0
968 0.964216 0.964216 -2.30285e-16
969 1.09465 1.09465 -2.02846e-16
970 1.21359 1.21359 0
971 1.3207 1.3207 -1.68126e-16
972 1.21359 1.21359 0
973 1.3207 1.3207 -1.68126e-16
974 1.41588 1.41588 0
975 1.49916 1.49916 1.48113e-16
976 1.57068 1.57068 2.82736e-16
977 1.63065 1.63065 2.72339e-16
978 1.57068 1.57068 2.82736e-16
979 1.63065 1.63065 2.72339e-16
980 1.67926 1.67926 1.32228e-16
981 1.71668 1.71668 0
982 1.74303 1.74303 0
983 1.75831 1.75831 1.26283e-16
984 1.74303 1.74303 0
985 1.75831 1.75831 1.26283e-16
986 1.76244 1.76244 1.25987e-16
987 1.75517 1.75517 1.26509e-16
988 1.7361 1.7361 1.27898e-16
989 1.70464 1.70464 2.60517e-16
990 1.7361 1.7361 1.27898e-16
991 1.70464 1.70464 2.60517e-16
992 1.65999 1.65999 1.33762e-16
993 1.60111 1.60111 1.38682e-16
994 1.52672 1.52672 1.45439e-16
995 1.43535 1.43535 1.54697e-16
996 1.52672 1.52672 1.45439e-16
997 1.43535 1.43535 1.54697e-16
998 1.32542 1.32542 1.67527e-16
999 1.19536 1.19536 3.7151e-16
1000 1.04393 1.04393 2.127e-16
1001 0.870601 0.870601 0
1002 1.04393 1.04393 2.127e-16
1003 0.870601 0.870601 0
1004 0.676069 0.676069 1.64217e-16
1005 0.462778 0.462778 0
1006 0.235255 0.235255 -1.17981e-16
1007 0 0 -nan
1008 0 0 -nan
1009 0.155754 0.155754 1.78201e-16
1010 0.309479 0.309479 0
1011 0.459245 0.459245 0
1012 0.603309 0.603309 1.84022e-16
1013 0.740176 0.740176 0
1014 0.603309 0.603309 1.84022e-16
1015 0.740176 0.740176 0
1016 0.868638 0.868638 -1.27812e-16
1017 0.987763 0.987763 1.12398e-16
1018 1.09689 1.09689 0
1019 1.19559 1.19559 0
1020 1.09689 1.09689 0
1021 1.19559 1.19559 0
1022 1.28362 1.28362 1.72983e-16
1023 1.36089 1.36089 1.63161e-16
1024 1.42738 1.42738 1.55561e-16
1025 1.48316 1.48316 2.99421e-16
1026 1.42738 1.42738 1.55561e-16
1027 1.48316 1.48316 2.99421e-16
1028 1.5283 1.5283 1.45289e-16
1029 1.56285 1.56285 1.42077e-16
1030 1.58682 1.58682 0
1031 1.60016 1.60016 2.77528e-16
1032 1.58682 1.58682 0
1033 1.60016 1.60016 2.77528e-16
1034 1.60275 1.60275 4.1562e-16
1035 1.59432 1.59432 2.78545e-16
1036 1.57449 1.57449 2.82053e-16
1037 1.54275 1.54275 1.43928e-16
1038 1.57449 1.57449 2.82053e-16
1039 1.54275 1.54275 1.43928e-16
1040 1.49844 1.49844 4.44551e-16
1041 1.44074 1.44074 3.08238e-16
1042 1.36869 1.36869 0
1043 1.28127 1.28127 1.73301e-16
1044 1.36869 1.36869 0
1045 1.28127 1.28127 1.73301e-16
1046 1.17746 1.17746 0
1047 1.05638 1.05638 2.10193e-16
1048 0.917541 0.917541 1.21e-16
1049 0.761076 0.761076 0
1050 0.917541 0.917541 1.21e-16
1051 0.761076 0.761076 0
1052 0.588095 0.588095 0
1053 0.400929 0.400929 0
1054 0.203268 0.203268 -1.36547e-16
1055 0 0 -nan
1056 0 0 -nan
1057 0.139654 0.139654 0
1058 0.277615 0.277615 1.99957e-16
1059 0.412263 0.412263 0
1060 0.542111 0.542111 0
1061 0.665856 0.665856 0
1062 0.542111 0.542111 0
1063 0.665856 0.665856 0
1064 0.782409 0.782409 -1.41898e-16
1065 0.89089 0.89089 -1.2462e-16
1066 0.990632 0.990632 -1.12072e-16
1067 1.08116 1.08116 0
1068 0.990632 0.990632 -1.12072e-16
1069 1.08116 1.08116 0
1070 1.16215 1.16215 1.91063e-16
1071 1.23341 1.23341 0
1072 1.29482 1.29482 3.42973e-16
1073 1.34634 1.34634 3.29849e-16
1074 1.29482 1.29482 3.42973e-16
1075 1.34634 1.34634 3.29849e-16
1076 1.38795 1.38795 4.79942e-16
1077 1.4196 1.4196 3.12826e-16
1078 1.44126 1.44126 1.54063e-16
1079 1.45281 1.45281 3.05677e-16
1080 1.44126 1.44126 1.54063e-16
1081 1.45281 1.45281 3.05677e-16
1082 1.4541 1.4541 3.05405e-16
1083 1.44488 1.44488 1.53677e-16
1084 1.42481 1.42481 0
1085 1.39346 1.39346 1.59348e-16
1086 1.42481 1.42481 0
1087 1.39346 1.39346 1.59348e-16
1088 1.3503 1.3503 1.64441e-16
1089 1.29472 1.29472 0
1090 1.22604 1.22604 0
1091 1.14359 1.14359 0
1092 1.22604 1.22604 0
1093 1.14359 1.14359 0
1094 1.04677 1.04677 2.12124e-16
1095 0.93518 0.93518 2.37435e-16
1096 0.808781 0.808781 0
1097 0.668077 0.668077 0
1098 0.808781 0.808781 0
1099 0.668077 0.668077 0
1100 0.514309 0.514309 0
1101 0.349579 0.349579 -1.58794e-16
1102 0.176889 0.176889 -1.5691e-16
1103 0 0 -nan
1104 0 0 -nan
1105 0.125248 0.125248 0
1106 0.249069 0.249069 1.11437e-16
1107 0.370087 0.370087 0
1108 0.487025 0.487025 1.1398e-16
1109 0.598739 0 -1
1110 0.487025 0 -1
1111 0.598743 0.598743 0
1112 0.704264 0.704264 0
1113 0.802768 0.802768 1.38299e-16
1114 0.893606 0.893606 -2.48481e-16
1115 0.976273 0 -1
1116 0.893606 0 -1
1117 0.976281 0.976281 -1.1372e-16
1118 1.05043 1.05043 0
1119 1.11579 1.11579 0
1120 1.17218 1.17218 1.8943e-16
1121 1.21945 0 -1
1122 1.17218 0 -1
1123 1.21946 1.21946 3.64168e-16
1124 1.25756 1.25756 1.76567e-16
1125 1.28638 1.28638 3.45223e-16
1126 1.30582 1.30582 1.70043e-16
1127 1.31573 0 -1
1128 1.30582 0 -1
1129 1.31574 1.31574 1.68761e-16
1130 1.31598 1.31598 1.6873e-16
1131 1.3063 1.3063 1.69979e-16
1132 1.28642 1.28642 1.72606e-16
1133 1.25598 0 -1
1134 1.28642 0 -1
1135 1.25599 1.25599 1.76788e-16
1136 1.21461 1.21461 1.82812e-16
1137 1.16182 1.16182 3.82235e-16
1138 1.09719 1.09719 2.02376e-16
1139 1.02029 0 -1
1140 1.09719 0 -1
1141 1.02029 1.02029 2.17628e-16
1142 0.930862 0.930862 2.38537e-16
1143 0.828796 0.828796 1.33956e-16
1144 0.714333 0.714333 0
1145 0.588149 0 -1
1146 0.714333 0 -1
1147 0.588153 0.588153 0
1148 0.45149 0.45149 0
1149 0.30619 0.30619 1.81296e-16
1150 0.15471 0.15471 1.79404e-16
1151 0 0 -nan
1152 0 0 -nan
1153 0.139654 0.139654 0
1154 0.277615 0.277615 1.99957e-16
1155 0.412263 0.412263 0
1156 0.542111 0.542111 0
1157 0.665852 0 -1
1158 0.542111 0 -1
1159 0.665856 0.665856 0
1160 0.782409 0.782409 -1.41898e-16
1161 0.89089 0.89089 -1.2462e-16
1162 0.990632 0.990632 -1.12072e-16
1163 1.08115 0 -1
1164 0.990632 0 -1
1165 1.08116 1.08116 0
1166 1.16215 1.16215 1.91063e-16
1167 1.23341 1.23341 0
1168 1.29482 1.29482 3.42973e-16
1169 1.34633 0 -1
1170 1.29482 0 -1
1171 1.34634 1.34634 3.29849e-16
1172 1.38795 1.38795 4.79942e-16
1173 1.4196 1.4196 3.12826e-16
1174 1.44126 1.44126 1.54063e-16
1175 1.4528 0 -1
1176 1.44126 0 -1
1177 1.45281 1.45281 3.05677e-16
1178 1.4541 1.4541 3.05405e-16
1179 1.44488 1.44488 1.53677e-16
1180 1.42481 1.42481 0
1181 1.39345 0 -1
1182 1.42481 0 -1
1183 1.39346 1.39346 1.59348e-16
1184 1.3503 1.3503 1.64441e-16
1185 1.29472 1.29472 0
1186 1.22604 1.22604 0
1187 1.14358 0 -1
1188 1.22604 0 -1
1189 1.14359 1.14359 0
1190 1.04677 1.04677 2.12124e-16
1191 0.93518 0.93518 2.37435e-16
1192 0.808781 0.808781 0
1193 0.668073 0 -1
1194 0.808781 0 -1
1195 0.668077 0.668077 0
1196 0.514309 0.514309 0
1197 0.349579 0.349579 -1.58794e-16
1198 0.176889 0.176889 -1.5691e-16
1199 0 0 -nan
1200 0 0 -nan
1201 0.125248 0.125248 0
1202 0.249069 0.249069 1.11437e-16
1203 0.370087 0.370087 0
1204 0.487025 0.487025 1.1398e-16
1205 0.598743 0.598743 0
1206 0.487025 0.487025 1.1398e-16
1207 0.598743 0.598743 0
1208 0.704264 0.704264 0
1209 0.802768 0.802768 1.38299e-16
1210 0.893606 0.893606 -2.48481e-16
1211 0.976281 0.976281 -1.1372e-16
1212 0.893606 0.893606 -2.48481e-16
1213 0.976281 0.976281 -1.1372e-16
1214 1.05043 1.05043 0
1215 1.11579 1.11579 0
1216 1.17218 1.17218 1.8943e-16
1217 1.21946 1.21946 3.64168e-16
1218 1.17218 1.17218 1.8943e-16
1219 1.21946 1.21946 3.64168e-16
1220 1.25756 1.25756 1.76567e-16
1221 1.28638 1.28638 3.45223e-16
1222 1.30582 1.30582 1.70043e-16
1223 1.31574 1.31574 1.68761e-16
1224 1.30582 1.30582 1.70043e-16
1225 1.31574 1.31574 1.68761e-16
1226 1.31598 1.31598 1.6873e-16
1227 1.3063 1.3063 1.69979e-16
1228 1.28642 1.28642 1.72606e-16
1229 1.25599 1.25599 1.76788e-16
1230 1.28642 1.28642 1.72606e-16
1231 1.25599 1.25599 1.76788e-16
1232 1.21461 1.21461 1.82812e-16
1233 1.16182 1.16182 3.82235e-16
1234 1.09719 1.09719 2.02376e-16
1235 1.02029 1.02029 2.17628e-16
1236 1.09719 1.09719 2.02376e-16
1237 1.02029 1.02029 2.17628e-16
1238 0.930862 0.930862 2.38537e-16
1239 0.828796 0.828796 1.33956e-16
1240 0.714333 0.714333 0
1241 0.588153 0.588153 0
1242 0.714333 0.714333 0
1243 0.588153 0.588153 0
1244 0.45149 0.45149 0
1245 0.30619 0.30619 1.81296e-16
1246 0.15471 0.15471 1.79404e-16
1247 0 0 -nan
1248 0 0 -nan
1249 0.112274 0.112274 0
1250 0.223333 0.223333 0
1251 0.332 0.332 0
1252 0.437171 0.437171 0
1253 0.537847 0.537847 2.0642e-16
1254 0.437171 0.437171 0
1255 0.537847 0.537847 2.0642e-16
1256 0.633152 0.633152 1.75349e-16
1257 0.722331 0.722331 -1.537e-16
1258 0.804766 0.804766 -2.75912e-16
1259 0.87996 0.87996 0
1260 0.804766 0.804766 -2.75912e-16
1261 0.87996 0.87996 0
1262 0.947529 0.947529 1.1717e-16
1263 1.00717 1.00717 2.20464e-16
1264 1.05865 1.05865 2.09742e-16
1265 1.10181 1.10181 4.03055e-16
1266 1.05865 1.05865 2.09742e-16
1267 1.10181 1.10181 4.03055e-16
1268 1.13649 1.13649 3.90754e-16
1269 1.16258 1.16258 1.90994e-16
1270 1.17992 1.17992 1.88186e-16
1271 1.18839 1.18839 0
1272 1.17992 1.17992 1.88186e-16
1273 1.18839 1.18839 0
1274 1.1878 1.1878 0
1275 1.17796 1.17796 0
1276 1.15862 1.15862 1.91645e-16
1277 1.12951 1.12951 1.96585e-16
1278 1.15862 1.15862 1.91645e-16
1279 1.12951 1.12951 1.96585e-16
1280 1.09034 1.09034 2.03648e-16
1281 1.04079 1.04079 0
1282 0.980607 0.980607 1.13218e-16
1283 0.909568 0.909568 3.66181e-16
1284 0.980607 0.980607 1.13218e-16
1285 0.909568 0.909568 3.66181e-16
1286 0.827605 0.827605 2.68298e-16
1287 0.734824 0.734824 1.51087e-16
1288 0.631616 0.631616 0
1289 0.518725 0.518725 0
1290 0.631616 0.631616 0
1291 0.518725 0.518725 0
1292 0.397315 0.397315 0
1293 0.268987 0.268987 0
1294 0.135763 0.135763 2.04441e-16
1295 0 0 -nan
1296 0 0 -nan
1297 0.100518 0.100518 0
1298 0.199994 0.199994 -2.77565e-16
1299 0.297414 0.297414 0
1300 0.391821 0.391821 -1.41675e-16
1301 0.482336 0.482336 0
1302 0.391821 0.391821 -1.41675e-16
1303 0.482336 0.482336 0
1304 0.568176 0.568176 1.95401e-16
1305 0.648652 0.648652 0
1306 0.723182 0.723182 0
1307 0.791285 0.791285 0
1308 0.723182 0.723182 0
1309 0.791285 0.791285 0
1310 0.852573 0.852573 1.3022e-16
1311 0.906723 0.906723 2.44887e-16
1312 0.953483 0.953483 1.16439e-16
1313 0.992645 0.992645 2.2369e-16
1314 0.953483 0.953483 1.16439e-16
1315 0.992645 0.992645 2.2369e-16
1316 1.02405 1.02405 2.16831e-16
1317 1.04752 1.04752 2.11971e-16
1318 1.06293 1.06293 2.08899e-16
1319 1.07011 1.07011 0
1320 1.06293 1.06293 2.08899e-16
1321 1.07011 1.07011 0
1322 1.06891 1.06891 -2.0773e-16
1323 1.05914 1.05914 2.09646e-16
1324 1.04061 1.04061 2.13379e-16
1325 1.01312 1.01312 0
1326 1.04061 1.04061 2.13379e-16
1327 1.01312 1.01312 0
1328 0.976453 0.976453 2.27399e-16
1329 0.930427 0.930427 0
1330 0.874893 0.874893 0
1331 0.809787 0.809787 2.74201e-16
1332 0.874893 0.874893 0
1333 0.809787 0.809787 2.74201e-16
1334 0.735176 0.735176 3.02029e-16
1335 0.651288 0.651288 1.70466e-16
1336 0.558589 0.558589 0
1337 0.457826 0.457826 1.21249e-16
1338 0.558589 0.558589 0
1339 0.457826 0.457826 1.21249e-16
1340 0.350064 0.350064 0
1341 0.236681 0.236681 1.1727e-16
1342 0.119357 0.119357 1.16271e-16
1343 0 0 -nan
1344 0 0 -nan
1345 0.0898063 0.0898063 -1.5453e-16
1346 0.178715 0.178715 -1.55307e-16
1347 0.265848 0.265848 0
1348 0.350372 0.350372 -1.58435e-16
1349 0.431514 0.431514 0
1350 0.350372 0.350372 -1.58435e-16
1351 0.431514 0.431514 0
1352 0.508575 0.508575 0
1353 0.58093 0.58093 0
1354 0.64804 0.64804 -1.7132e-16
1355 0.709446 0.709446 0
1356 0.64804 0.64804 -1.7132e-16
1357 0.709446 0.709446 0
1358 0.76477 0.76477 -1.45171e-16
1359 0.813685 0.813685 1.36444e-16
1360 0.855926 0.855926 -1.2971e-16
1361 0.891272 0.891272 0
1362 0.855926 0.855926 -1.2971e-16
1363 0.891272 0.891272 0
1364 0.919543 0.919543 1.20736e-16
1365 0.940564 0.940564 0
1366 0.954178 0.954178 0
1367 0.960237 0.960237 0
1368 0.954178 0.954178 0
1369 0.960237 0.960237 0
1370 0.958598 0.958598 -1.15817e-16
1371 0.9491 0.9491 0
1372 0.931588 0.931588 1.19175e-16
1373 0.905912 0.905912 0
1374 0.931588 0.931588 1.19175e-16
1375 0.905912 0.905912 0
1376 0.871948 0.871948 0
1377 0.829582 0.829582 0
1378 0.778765 0.778765 1.42562e-16
1379 0.71953 0.71953 3.08597e-16
1380 0.778765 0.778765 1.42562e-16
1381 0.71953 0.71953 3.08597e-16
1382 0.652034 0.652034 1.70271e-16
1383 0.576571 0.576571 0
1384 0.493635 0.493635 -1.12454e-16
1385 0.403938 0.403938 0
1386 0.493635 0.493635 -1.12454e-16
1387 0.403938 0.403938 0
1388 0.308437 0.308437 0
1389 0.208318 0.208318 1.33236e-16
1390 0.104985 0.104985 0
1391 0 0 -nan
1392 0 0 -nan
1393 0.0799958 0.0799958 0
1394 0.159215 0.159215 0
1395 0.236896 0.236896 -1.17163e-16
1396 0.312313 0.312313 -1.77742e-16
1397 0.384781 0 -1
1398 0.312313 0 -1
1399 0.384785 0.384785 -1.44265e-16
1400 0.45369 0.45369 0
1401 0.518466 0.518466 0
1402 0.578616 0.578616 -1.91876e-16
1403 0.633705 0 -1
1404 0.578616 0 -1
1405 0.633712 0.633712 0
1406 0.683391 0.683391 0
1407 0.727336 0.727336 0
1408 0.76528 0.76528 0
1409 0.796991 0 -1
1410 0.76528 0 -1
1411 0.797 0.797 -1.393e-16
1412 0.822308 0.822308 1.35013e-16
1413 0.841028 0.841028 0
1414 0.853003 0.853003 0
1415 0.858082 0 -1
1416 0.853003 0 -1
1417 0.858091 0.858091 0
1418 0.856166 0.856166 2.59348e-16
1419 0.847089 0.847089 1.31063e-16
1420 0.830743 0.830743 2.67284e-16
1421 0.807015 0 -1
1422 0.830743 0 -1
1423 0.807023 0.807023 1.3757e-16
1424 0.775859 0.775859 0
1425 0.737201 0.737201 0
1426 0.691067 0.691067 3.21307e-16
1427 0.637548 0 -1
1428 0.691067 0 -1
1429 0.637554 0.637554 3.48276e-16
1430 0.576869 0.576869 1.92457e-16
1431 0.509337 0.509337 0
1432 0.435448 0.435448 0
1433 0.35586 0 -1
1434 0.435448 0 -1
1435 0.355863 0.355863 1.5599e-16
1436 0.271432 0.271432 0
1437 0.183173 0.183173 0
1438 0.0922645 0.0922645 0
1439 0 0 -nan
1440 0 0 -nan
1441 0.0898063 0.0898063 -1.5453e-16
1442 0.178715 0.178715 -1.55307e-16
1443 0.265848 0.265848 0
1444 0.350372 0.350372 -1.58435e-16
1445 0.431509 0 -1
1446 0.350372 0 -1
1447 0.431514 0.431514 0
1448 0.508575 0.508575 0
1449 0.58093 0.58093 0
1450 0.64804 0.64804 -1.7132e-16
1451 0.709439 0 -1
1452 0.64804 0 -1
1453 0.709446 0.709446 0
1454 0.76477 0.76477 -1.45171e-16
1455 0.813685 0.813685 1.36444e-16
1456 0.855926 0.855926 -1.2971e-16
1457 0.891263 0 -1
1458 0.855926 0 -1
1459 0.891272 0.891272 0
1460 0.919543 0.919543 1.20736e-16
1461 0.940564 0.940564 0
1462 0.954178 0.954178 0
1463 0.960228 0 -1
1464 0.954178 0 -1
1465 0.960237 0.960237 0
1466 0.958598 0.958598 -1.15817e-16
1467 0.9491 0.9491 0
1468 0.931588 0.931588 1.19175e-16
1469 0.905904 0 -1
1470 0.931588 0 -1
1471 0.905912 0.905912 0
1472 0.871948 0.871948 0
1473 0.829582 0.829582 0
1474 0.778765 0.778765 1.42562e-16
1475 0.719524 0 -1
1476 0.778765 0 -1
1477 0.71953 0.71953 3.08597e-16
1478 0.652034 0.652034 1.70271e-16
1479 0.576571 0.576571 0
1480 0.493635 0.493635 -1.12454e-16
1481 0.403934 0 -1
1482 0.493635 0 -1
1483 0.403938 0.403938 0
1484 0.308437 0.308437 0
1485 0.208318 0.208318 1.33236e-16
1486 0.104985 0.104985 0
1487 0 0 -nan
1488 0 0 -nan
1489 0.0799958 0.0799958 0
1490 0.159215 0.159215 0
1491 0.236896 0.236896 -1.17163e-16
1492 0.312313 0.312313 -1.77742e-16
1493 0.384785 0.384785 -1.44265e-16
1494 0.312313 0.312313 -1.77742e-16
1495 0.384785 0.384785 -1.44265e-16
1496 0.45369 0.45369 0
1497 0.518466 0.518466 0
1498 0.578616 0.578616 -1.91876e-16
1499 0.633712 0.633712 0
1500 0.578616 0.578616 -1.91876e-16
1501 0.633712 0.633712 0
1502 0.683391 0.683391 0
1503 0.727336 0.727336 0
1504 0.76528 0.76528 0
1505 0.797 0.797 -1.393e-16
1506 0.76528 0.76528 0
1507 0.797 0.797 -1.393e-16
1508 0.822308 0.822308 1.35013e-16
1509 0.841028 0.841028 0
1510 0.853003 0.853003 0
1511 0.858091 0.858091 0
1512 0.853003 0.853003 0
1513 0.858091 0.858091 0
1514 0.856166 0.856166 2.59348e-16
1515 0.847089 0.847089 1.31063e-16
1516 0.830743 0.830743 2.67284e-16
1517 0.807023 0.807023 1.3757e-16
1518 0.830743 0.830743 2.67284e-16
1519 0.807023 0.807023 1.3757e-16
1520 0.775859 0.775859 0
1521 0.737201 0.737201 0
1522 0.691067 0.691067 3.21307e-16
1523 0.637554 0.637554 3.48276e-16
1524 0.691067 0.691067 3.21307e-16
1525 0.637554 0.637554 3.48276e-16
1526 0.576869 0.576869 1.92457e-16
1527 0.509337 0.509337 0
1528 0.435448 0.435448 0
1529 0.355863 0.355863 1.5599e-16
1530 0.435448 0.435448 0
1531 0.355863 0.355863 1.5599e-16
1532 0.271432 0.271432 0
1533 0.183173 0.183173 0
1534 0.0922645 0.0922645 0
1535 0 0 -nan
1536 0 0 -nan
1537 0.0709656 0.0709656 0
1538 0.141259 0.141259 -1.96488e-16
1539 0.210219 0.210219 -2.64064e-16
1540 0.277211 0.277211 0
1541 0.341639 0.341639 -1.62485e-16
1542 0.277211 0.277211 0
1543 0.341639 0.341639 -1.62485e-16
1544 0.402952 0.402952 -2.75523e-16
1545 0.460644 0.460644 -1.20508e-16
1546 0.514266 0.514266 -2.15885e-16
1547 0.563421 0.563421 -1.9705e-16
1548 0.514266 0.514266 -2.15885e-16
1549 0.563421 0.563421 -1.9705e-16
1550 0.607771 0.607771 -1.82671e-16
1551 0.647011 0.647011 0
1552 0.680885 0.680885 -1.63056e-16
1553 0.709172 0.709172 0
1554 0.680885 0.680885 -1.63056e-16
1555 0.709172 0.709172 0
1556 0.731689 0.731689 -1.51734e-16
1557 0.748262 0.748262 -1.48374e-16
1558 0.758741 0.758741 0
1559 0.762994 0.762994 -1.45509e-16
1560 0.758741 0.758741 0
1561 0.762994 0.762994 -1.45509e-16
1562 0.76091 0.76091 1.45907e-16
1563 0.752374 0.752374 -1.47563e-16
1564 0.737297 0.737297 0
1565 0.715611 0.715611 -1.55143e-16
1566 0.737297 0.737297 0
1567 0.715611 0.715611 -1.55143e-16
1568 0.687285 0.687285 0
1569 0.652318 0.652318 0
1570 0.610769 0.610769 3.63549e-16
1571 0.562773 0.562773 3.94554e-16
1572 0.610769 0.610769 3.63549e-16
1573 0.562773 0.562773 3.94554e-16
1574 0.508565 0.508565 2.18305e-16
1575 0.448475 0.448475 0
1576 0.382968 0.382968 0
1577 0.312647 0.312647 1.77552e-16
1578 0.382968 0.382968 0
1579 0.312647 0.312647 1.77552e-16
1580 0.23826 0.23826 1.16493e-16
1581 0.160681 0.160681 0
1582 0.0809019 0.0809019 0
1583 0 0 -nan
1584 0 0 -nan
1585 0.0626106 0.0626106 0
1586 0.124639 0.124639 -1.11344e-16
1587 0.185513 0.185513 -2.9923e-16
1588 0.244681 0.244681 -1.13436e-16
1589 0.30162 0.30162 -1.84044e-16
1590 0.244681 0.244681 -1.13436e-16
1591 0.30162 0.30162 -1.84044e-16
1592 0.355844 0.355844 -1.55999e-16
1593 0.406903 0.406903 -1.36423e-16
1594 0.454394 0.454394 -3.66496e-16
1595 0.497955 0.497955 -1.11478e-16
1596 0.454394 0.454394 -3.66496e-16
1597 0.497955 0.497955 -1.11478e-16
1598 0.537274 0.537274 0
1599 0.572067 0.572067 0
1600 0.602092 0.602092 -1.84394e-16
1601 0.627138 0.627138 -1.7703e-16
1602 0.602092 0.602092 -1.84394e-16
1603 0.627138 0.627138 -1.7703e-16
1604 0.647032 0.647032 -1.71587e-16
1605 0.661606 0.661606 0
1606 0.670722 0.670722 0
1607 0.674259 0.674259 0
1608 0.670722 0.670722 0
1609 0.674259 0.674259 0
1610 0.672122 0.672122 0
1611 0.664216 0.664216 0
1612 0.650475 0.650475 -1.70679e-16
1613 0.630859 0.630859 0
1614 0.650475 0.650475 -1.70679e-16
1615 0.630859 0.630859 0
1616 0.605368 0.605368 0
1617 0.574028 0.574028 0
1618 0.536928 0.536928 2.06773e-16
1619 0.494223 0.494223 1.1232e-16
1620 0.536928 0.536928 2.06773e-16
1621 0.494223 0.494223 1.1232e-16
1622 0.446151 0.446151 1.24422e-16
1623 0.393036 0.393036 2.82473e-16
1624 0.335308 0.335308 1.65553e-16
1625 0.273507 0.273507 0
1626 0.335308 0.335308 1.65553e-16
1627 0.273507 0.273507 0
1628 0.208285 0.208285 2.66515e-16
1629 0.140392 0.140392 1.97701e-16
1630 0.0706629 0.0706629 0
1631 0 0 -nan
1632 0 0 -nan
1633 0.0548398 0.0548398 -1.2653e-16
1634 0.109178 0.109178 0
1635 0.16252 0.16252 0
1636 0.214388 0.214388 -1.29465e-16
1637 0.264325 0.264325 0
1638 0.214388 0.214388 -1.29465e-16
1639 0.264325 0.264325 0
1640 0.311909 0.311909 -1.77972e-16
1641 0.356742 0.356742 0
1642 0.398463 0.398463 -2.78626e-16
1643 0.436749 0.436749 -1.27101e-16
1644 0.398463 0.398463 -2.78626e-16
1645 0.436749 0.436749 -1.27101e-16
1646 0.471316 0.471316 0
1647 0.501904 0.501904 -2.21202e-16
1648 0.528291 0.528291 0
1649 0.550279 0.550279 0
1650 0.528291 0.528291 0
1651 0.550279 0.550279 0
1652 0.567708 0.567708 0
1653 0.580423 0.580423 0
1654 0.588296 0.588296 0
1655 0.591222 0.591222 0
1656 0.588296 0.588296 0
1657 0.591222 0.591222 0
1658 0.589117 0.589117 1.88455e-16
1659 0.581906 0.581906 0
1660 0.569542 0.569542 0
1661 0.552004 0.552004 0
1662 0.569542 0.569542 0
1663 0.552004 0.552004 0
1664 0.529311 0.529311 -2.09749e-16
1665 0.501511 0.501511 2.21376e-16
1666 0.468705 0.468705 1.18435e-16
1667 0.431053 0.431053 2.57561e-16
1668 0.468705 0.468705 1.18435e-16
1669 0.431053 0.431053 2.57561e-16
1670 0.38879 0.38879 2.85558e-16
1671 0.342219 0.342219 1.6221e-16
1672 0.291728 0.291728 1.90284e-16
1673 0.237795 0.237795 0
1674 0.291728 0.291728 1.90284e-16
1675 0.237795 0.237795 0
1676 0.180986 0.180986 1.53357e-16
1677 0.121939 0.121939 2.27619e-16
1678 0.0613588 0.0613588 2.26175e-16
1679 0 0 -nan
1680 0 0 -nan
1681 0.047573 0.047573 0
1682 0.0947161 0.0947161 0
1683 0.141005 0.141005 -1.96841e-16
1684 0.18603 0.18603 0
1685 0.229392 0 -1
1686 0.18603 0 -1
1687 0.229395 0.229395 0
1688 0.270735 0.270735 -2.05039e-16
1689 0.309701 0.309701 0
1690 0.345978 0.345978 -1.60447e-16
1691 0.379273 0 -1
1692 0.345978 0 -1
1693 0.379278 0.379278 -1.4636e-16
1694 0.409349 0.409349 0
1695 0.435957 0.435957 0
1696 0.4589 0.4589 -2.41931e-16
1697 0.477995 0 -1
1698 0.4589 0 -1
1699 0.478001 0.478001 0
1700 0.493112 0.493112 1.12573e-16
1701 0.504094 0.504094 2.20241e-16
1702 0.510834 0.510834 2.17336e-16
1703 0.513229 0 -1
1704 0.510834 0 -1
1705 0.513236 0.513236 2.16318e-16
1706 0.511233 0.511233 2.17166e-16
1707 0.504764 0.504764 2.19949e-16
1708 0.493795 0.493795 1.12417e-16
1709 0.478316 0 -1
1710 0.493795 0 -1
1711 0.478322 0.478322 1.16054e-16
1712 0.458375 0.458375 0
1713 0.434011 0.434011 0
1714 0.405336 0.405336 1.36951e-16
1715 0.372503 0 -1
1716 0.405336 0 -1
1717 0.372508 0.372508 0
1718 0.335747 0.335747 0
1719 0.295327 0.295327 0
1720 0.251595 0.251595 0
1721 0.204965 0 -1
1722 0.251595 0 -1
1723 0.204967 0.204967 0
1724 0.155929 0.155929 1.78002e-16
1725 0.10502 0.10502 2.64289e-16
1726 0.0528341 0.0528341 2.62667e-16
1727 0 0 -nan
1728 0 0 -nan
1729 0.0548398 0.0548398 -1.2653e-16
1730 0.109178 0.109178 0
1731 0.16252 0.16252 0
1732 0.214388 0.214388 -1.29465e-16
1733 0.264322 0 -1
1734 0.214388 0 -1
1735 0.264325 0.264325 0
1736 0.311909 0.311909 -1.77972e-16
1737 0.356742 0.356742 0
1738 0.398463 0.398463 -2.78626e-16
1739 0.436743 0 -1
1740 0.398463 0 -1
1741 0.436749 0.436749 -1.27101e-16
1742 0.471316 0.471316 0
1743 0.501904 0.501904 -2.21202e-16
1744 0.528291 0.528291 0
1745 0.550272 0 -1
1746 0.528291 0 -1
1747 0.550279 0.550279 0
1748 0.567708 0.567708 0
1749 0.580423 0.580423 0
1750 0.588296 0.588296 0
1751 0.591215 0 -1
1752 0.588296 0 -1
1753 0.591222 0.591222 0
1754 0.589117 0.589117 1.88455e-16
1755 0.581906 0.581906 0
1756 0.569542 0.569542 0
1757 0.551997 0 -1
1758 0.569542 0 -1
1759 0.552004 0.552004 0
1760 0.529311 0.529311 -2.09749e-16
1761 0.501511 0.501511 2.21376e-16
1762 0.468705 0.468705 1.18435e-16
1763 0.431048 0 -1
1764 0.468705 0 -1
1765 0.431053 0.431053 2.57561e-16
1766 0.38879 0.38879 2.85558e-16
1767 0.342219 0.342219 1.6221e-16
1768 0.291728 0.291728 1.90284e-16
1769 0.237792 0 -1
1770 0.291728 0 -1
1771 0.237795 0.237795 0
1772 0.180986 0.180986 1.53357e-16
1773 0.121939 0.121939 2.27619e-16
1774 0.0613588 0.0613588 2.26175e-16
1775 0 0 -nan
1776 0 0 -nan
1777 0.047573 0.047573 0
1778 0.0947161 0.0947161 0
1779 0.141005 0.141005 -1.96841e-16
1780 0.18603 0.18603 0
1781 0.229395 0.229395 0
1782 0.18603 0.18603 0
1783 0.229395 0.229395 0
1784 0.270735 0.270735 -2.05039e-16
1785 0.309701 0.309701 0
1786 0.345978 0.345978 -1.60447e-16
1787 0.379278 0.379278 -1.4636e-16
1788 0.345978 0.345978 -1.60447e-16
1789 0.379278 0.379278 -1.4636e-16
1790 0.409349 0.409349 0
1791 0.435957 0.435957 0
1792 0.4589 0.4589 -2.41931e-16
1793 0.478001 0.478001 0
1794 0.4589 0.4589 -2.41931e-16
1795 0.478001 0.478001 0
1796 0.493112 0.493112 1.12573e-16
1797 0.504094 0.504094 2.20241e-16
1798 0.510834 0.510834 2.17336e-16
1799 0.513236 0.513236 2.16318e-16
1800 0.510834 0.510834 2.17336e-16
1801 0.513236 0.513236 2.16318e-16
1802 0.511233 0.511233 2.17166e-16
1803 0.504764 0.504764 2.19949e-16
1804 0.493795 0.493795 1.12417e-16
1805 0.478322 0.478322 1.16054e-16
1806 0.493795 0.493795 1.12417e-16
1807 0.478322 0.478322 1.16054e-16
1808 0.458375 0.458375 0
1809 0.434011 0.434011 0
1810 0.405336 0.405336 1.36951e-16
1811 0.372508 0.372508 0
1812 0.405336 0.405336 1.36951e-16
1813 0.372508 0.372508 0
1814 0.335747 0.335747 0
1815 0.295327 0.295327 0
1816 0.251595 0.251595 0
1817 0.204967 0.204967 0
1818 0.251595 0.251595 0
1819 0.204967 0.204967 0
1820 0.155929 0.155929 1.78002e-16
1821 0.10502 0.10502 2.64289e-16
1822 0.0528341 0.0528341 2.62667e-16
1823 0 0 -nan
1824 0 0 -nan
1825 0.0407386 0.0407386 -1.70327e-16
1826 0.0811127 0.0811127 -1.71093e-16
1827 0.120763 0.120763 -1.14918e-16
1828 0.159338 0.159338 -1.74193e-16
1829 0.196504 0.196504 0
1830 0.159338 0.159338 -1.74193e-16
1831 0.196504 0.196504 0
1832 0.231945 0.231945 -2.39329e-16
1833 0.265363 0.265363 -2.0919e-16
1834 0.296483 0.296483 -1.87232e-16
1835 0.325057 0.325057 1.70774e-16
1836 0.296483 0.296483 -1.87232e-16
1837 0.325057 0.325057 1.70774e-16
1838 0.350862 0.350862 1.58214e-16
1839 0.373693 0.373693 -1.48548e-16
1840 0.393371 0.393371 1.41117e-16
1841 0.409739 0.409739 0
1842 0.393371 0.393371 1.41117e-16
1843 0.409739 0.409739 0
1844 0.422666 0.422666 0
1845 0.432028 0.432028 -1.2849e-16
1846 0.437727 0.437727 0
1847 0.439682 0.439682 1.26253e-16
1848 0.437727 0.437727 0
1849 0.439682 0.439682 1.26253e-16
1850 0.437836 0.437836 1.26785e-16
1851 0.43214 0.43214 1.28457e-16
1852 0.422572 0.422572 1.31365e-16
1853 0.409137 0.409137 0
1854 0.422572 0.422572 1.31365e-16
1855 0.409137 0.409137 0
1856 0.391872 0.391872 1.41656e-16
1857 0.370837 0.370837 0
1858 0.346135 0.346135 0
1859 0.317914 0.317914 0
1860 0.346135 0.346135 0
1861 0.317914 0.317914 0
1862 0.286374 0.286374 0
1863 0.251757 0.251757 0
1864 0.214367 0.214367 1.29477e-16
1865 0.174559 0.174559 0
1866 0.214367 0.214367 1.29477e-16
1867 0.174559 0.174559 0
1868 0.132746 0.132746 0
1869 0.0893815 0.0893815 1.55265e-16
1870 0.0449589 0.0449589 1.54339e-16
1871 0 0 -nan
1872 0 0 -nan
1873 0.0342703 0.0342703 -2.02475e-16
1874 0.0682365 0.0682365 -2.03378e-16
1875 0.101598 0.101598 -2.73191e-16
1876 0.134061 0.134061 0
1877 0.165346 0.165346 -1.67864e-16
1878 0.134061 0.134061 0
1879 0.165346 0.165346 -1.67864e-16
1880 0.195186 0.195186 -2.84401e-16
1881 0.223329 0.223329 -3.72843e-16
1882 0.249544 0.249544 -1.11225e-16
1883 0.273617 0.273617 -2.02879e-16
1884 0.249544 0.249544 -1.11225e-16
1885 0.273617 0.273617 -2.02879e-16
1886 0.295358 0.295358 0
1887 0.314591 0.314591 0
1888 0.331162 0.331162 1.67625e-16
1889 0.344934 0.344934 -1.60933e-16
1890 0.331162 0.331162 1.67625e-16
1891 0.344934 0.344934 -1.60933e-16
1892 0.355794 0.355794 -1.5602e-16
1893 0.363637 0.363637 0
1894 0.368377 0.368377 0
1895 0.369946 0.369946 0
1896 0.368377 0.368377 0
1897 0.369946 0.369946 0
1898 0.368299 0.368299 1.50723e-16
1899 0.363397 0.363397 0
1900 0.355227 0.355227 0
1901 0.343797 0.343797 3.22929e-16
1902 0.355227 0.355227 0
1903 0.343797 0.343797 3.22929e-16
1904 0.329148 0.329148 1.68651e-16
1905 0.311338 0.311338 0
1906 0.290461 0.290461 0
1907 0.266651 0.266651 0
1908 0.290461 0.290461 0
1909 0.266651 0.266651 0
1910 0.240083 0.240083 2.31217e-16
1911 0.210967 0.210967 1.31564e-16
1912 0.17956 0.17956 1.54576e-16
1913 0.146163 0.146163 1.89895e-16
1914 0.17956 0.17956 1.54576e-16
1915 0.146163 0.146163 1.89895e-16
1916 0.111119 0.111119 1.24892e-16
1917 0.0748023 0.0748023 1.85526e-16
1918 0.0376204 0.0376204 0
1919 0 0 -nan
1920 0 0 -nan
1921 0.0281077 0.0281077 -1.23434e-16
1922 0.0559674 0.0559674 -1.23981e-16
1923 0.0833338 0.0833338 -1.66532e-16
1924 0.109968 0.109968 -1.26199e-16
1925 0.135639 0.135639 -2.04629e-16
1926 0.109968 0.109968 -1.26199e-16
1927 0.135639 0.135639 -2.04629e-16
1928 0.160129 0.160129 -1.73332e-16
1929 0.183231 0.183231 -1.51478e-16
1930 0.204754 0.204754 -1.35556e-16
1931 0.224519 0.224519 -1.23622e-16
1932 0.204754 0.204754 -1.35556e-16
1933 0.224519 0.224519 -1.23622e-16
1934 0.242371 0.242371 0
1935 0.258161 0.258161 0
1936 0.27176 0.27176 2.04265e-16
1937 0.283055 0.283055 0
1938 0.27176 0.27176 2.04265e-16
1939 0.283055 0.283055 0
1940 0.29195 0.29195 0
1941 0.298357 0.298357 0
1942 0.302207 0.302207 0
1943 0.303442 0.303442 0
1944 0.302207 0.302207 0
1945 0.303442 0.303442 0
1946 0.302027 0.302027 1.83796e-16
1947 0.297932 0.297932 1.86322e-16
1948 0.291149 0.291149 0
1949 0.281691 0.281691 1.97064e-16
1950 0.291149 0.291149 0
1951 0.281691 0.281691 1.97064e-16
1952 0.269594 0.269594 2.05906e-16
1953 0.254912 0.254912 2.17766e-16
1954 0.237728 0.237728 2.33507e-16
1955 0.218156 0.218156 0
1956 0.237728 0.237728 2.33507e-16
1957 0.218156 0.218156 0
1958 0.196345 0.196345 0
1959 0.172471 0.172471 0
1960 0.146747 0.146747 1.89139e-16
1961 0.119418 0.119418 2.32423e-16
1962 0.146747 0.146747 1.89139e-16
1963 0.119418 0.119418 2.32423e-16
1964 0.0907651 0.0907651 3.05796e-16
1965 0.0610901 0.0610901 2.27169e-16
1966 0.0307208 0.0307208 1.12935e-16
1967 0 0 -nan
1968 0 0 -nan
1969 0.0221943 0.0221943 -3.12643e-16
1970 0.0441937 0.0441937 -3.14022e-16
1971 0.0658052 0.0658052 0
1972 0.0868405 0.0868405 -3.19616e-16
1973 0.107116 0 -1
1974 0.0868405 0 -1
1975 0.107118 0.107118 -2.59112e-16
1976 0.126466 0.126466 -4.38943e-16
1977 0.144719 0.144719 -1.91789e-16
1978 0.161726 0.161726 0
1979 0.177343 0 -1
1980 0.161726 0 -1
1981 0.177346 0.177346 0
1982 0.191453 0.191453 0
1983 0.203929 0.203929 1.36104e-16
1984 0.214671 0.214671 2.58587e-16
1985 0.223584 0 -1
1986 0.214671 0 -1
1987 0.223587 0.223587 0
1988 0.230602 0.230602 0
1989 0.235644 0.235644 0
1990 0.238658 0.238658 1.16299e-16
1991 0.239596 0 -1
1992 0.238658 0 -1
1993 0.2396 0.2396 1.15841e-16
1994 0.238442 0.238442 0
1995 0.235161 0.235161 0
1996 0.229755 0.229755 -1.20805e-16
1997 0.222231 0 -1
1998 0.229755 0 -1
1999 0.222235 0.222235 2.49786e-16
2000 0.212632 0.212632 1.30533e-16
2001 0.200993 0.200993 0
2002 0.187388 0.187388 0
2003 0.171906 0 -1
2004 0.187388 0 -1
2005 0.171909 0.171909 0
2006 0.154676 0.154676 0
2007 0.13583 0.13583 0
2008 0.115541 0.115541 0
2009 0.0940019 0 -1
2010 0.115541 0 -1
2011 0.0940032 0.0940032 2.95262e-16
2012 0.071435 0.071435 1.94272e-16
2013 0.0480733 0.0480733 1.4434e-16
2014 0.0241729 0.0241729 0
2015 0 0 -nan
2016 0 0 -nan
2017 0.0281077 0.0281077 -1.23434e-16
2018 0.0559674 0.0559674 -1.23981e-16
2019 0.0833338 0.0833338 -1.66532e-16
2020 0.109968 0.109968 -1.26199e-16
2021 0.135637 0 -1
2022 0.109968 0 -1
2023 0.135639 0.135639 -2.04629e-16
2024 0.160129 0.160129 -1.73332e-16
2025 0.183231 0.183231 -1.51478e-16
2026 0.204754 0.204754 -1.35556e-16
2027 0.224516 0 -1
2028 0.204754 0 -1
2029 0.224519 0.224519 -1.23622e-16
2030 0.242371 0.242371 0
2031 0.258161 0.258161 0
2032 0.27176 0.27176 2.04265e-16
2033 0.283051 0 -1
2034 0.27176 0 -1
2035 0.283055 0.283055 0
2036 0.29195 0.29195 0
2037 0.298357 0.298357 0
2038 0.302207 0.302207 0
2039 0.303437 0 -1
2040 0.302207 0 -1
2041 0.303442 0.303442 0
2042 0.302027 0.302027 1.83796e-16
2043 0.297932 0.297932 1.86322e-16
2044 0.291149 0.291149 0
2045 0.281687 0 -1
2046 0.291149 0 -1
2047 0.281691 0.281691 1.97064e-16
2048 0.269594 0.269594 2.05906e-16
2049 0.254912 0.254912 2.17766e-16
2050 0.237728 0.237728 2.33507e-16
2051 0.218153 0 -1
2052 0.237728 0 -1
2053 0.218156 0.218156 0
2054 0.196345 0.196345 0
2055 0.172471 0.172471 0
2056 0.146747 0.146747 1.89139e-16
2057 0.119417 0 -1
2058 0.146747 0 -1
2059 0.119418 0.119418 2.32423e-16
2060 0.0907651 0.0907651 3.05796e-16
2061 0.0610901 0.0610901 2.27169e-16
2062 0.0307208 0.0307208 1.12935e-16
2063 0 0 -nan
2064 0 0 -nan
2065 0.0221943 0.0221943 -3.12643e-16
2066 0.0441937 0.0441937 -3.14022e-16
2067 0.0658052 0.0658052 0
2068 0.0868405 0.0868405 -3.19616e-16
2069 0.107118 0.107118 -2.59112e-16
2070 0.0868405 0.0868405 -3.19616e-16
2071 0.107118 0.107118 -2.59112e-16
2072 0.126466 0.126466 -4.38943e-16
2073 0.144719 0.144719 -1.91789e-16
2074 0.161726 0.161726 0
2075 0.177346 0.177346 0
2076 0.161726 0.161726 0
2077 0.177346 0.177346 0
2078 0.191453 0.191453 0
2079 0.203929 0.203929 1.36104e-16
2080 0.214671 0.214671 2.58587e-16
2081 0.223587 0.223587 0
2082 0.214671 0.214671 2.58587e-16
2083 0.223587 0.223587 0
2084 0.230602 0.230602 0
2085 0.235644 0.235644 0
2086 0.238658 0.238658 1.16299e-16
2087 0.2396 0.2396 1.15841e-16
2088 0.238658 0.238658 1.16299e-16
2089 0.2396 0.2396 1.15841e-16
2090 0.238442 0.238442 0
2091 0.235161 0.235161 0
2092 0.229755 0.229755 -1.20805e-16
2093 0.222235 0.222235 2.49786e-16
2094 0.229755 0.229755 -1.20805e-16
2095 0.222235 0.222235 2.49786e-16
2096 0.212632 0.212632 1.30533e-16
2097 0.200993 0.200993 0
2098 0.187388 0.187388 0
2099 0.171909 0.171909 0
2100 0.187388 0.187388 0
2101 0.171909 0.171909 0
2102 0.154676 0.154676 0
2103 0.13583 0.13583 0
2104 0.115541 0.115541 0
2105 0.0940032 0.0940032 2.95262e-16
2106 0.115541 0.115541 0
2107 0.0940032 0.0940032 2.95262e-16
2108 0.071435 0.071435 1.94272e-16
2109 0.0480733 0.0480733 1.4434e-16
2110 0.0241729 0.0241729 0
2111 0 0 -nan
2112 0 0 -nan
2113 0.0164773 0.0164773 -4.21119e-16
2114 0.0328103 0.0328103 -4.2297e-16
2115 0.0488563 0.0488563 -1.42027e-16
2116 0.0644756 0.0644756 0
2117 0.0795335 0.0795335 0
2118 0.0644756 0.0644756 0
2119 0.0795335 0.0795335 0
2120 0.0939025 0.0939025 -2.95579e-16
2121 0.10746 0.10746 -1.29144e-16
2122 0.120093 0.120093 -2.31118e-16
2123 0.131695 0.131695 0
2124 0.120093 0.120093 -2.31118e-16
2125 0.131695 0.131695 0
2126 0.142174 0.142174 -1.95222e-16
2127 0.151441 0.151441 0
2128 0.159417 0.159417 0
2129 0.166035 0.166035 0
2130 0.159417 0.159417 0
2131 0.166035 0.166035 0
2132 0.171236 0.171236 -3.24178e-16
2133 0.17497 0.17497 0
2134 0.177192 0.177192 0
2135 0.177872 0.177872 0
2136 0.177192 0.177192 0
2137 0.177872 0.177872 0
2138 0.176989 0.176989 0
2139 0.174527 0.174527 -1.59033e-16
2140 0.170485 0.170485 0
2141 0.164873 0.164873 1.68346e-16
2142 0.170485 0.170485 0
2143 0.164873 0.164873 1.68346e-16
2144 0.157716 0.157716 1.75985e-16
2145 0.14905 0.14905 1.86216e-16
2146 0.138929 0.138929 0
2147 0.127424 0.127424 0
2148 0.138929 0.138929 0
2149 0.127424 0.127424 0
2150 0.114625 0.114625 0
2151 0.100638 0.100638 -1.37898e-16
2152 0.0855896 0.0855896 -1.62143e-16
2153 0.0696231 0.0696231 1.99327e-16
2154 0.0855896 0.0855896 -1.62143e-16
2155 0.0696231 0.0696231 1.99327e-16
2156 0.0529009 0.0529009 1.31168e-16
2157 0.0355969 0.0355969 0
2158 0.0178982 0.0178982 0
2159 0 0 -nan
2160 0 0 -nan
2161 0.0109052 0.0109052 -3.18146e-16
2162 0.0217152 0.0217152 -1.59771e-16
2163 0.0323355 0.0323355 -2.14591e-16
2164 0.042674 0.042674 0
2165 0.0526415 0.0526415 -2.63628e-16
2166 0.042674 0.042674 0
2167 0.0526415 0.0526415 -2.63628e-16
2168 0.0621536 0.0621536 -3.34923e-16
2169 0.0711291 0.0711291 -1.95107e-16
2170 0.0794926 0.0794926 -1.7458e-16
2171 0.0871744 0.0871744 -1.59196e-16
2172 0.0794926 0.0794926 -1.7458e-16
2173 0.0871744 0.0871744 -1.59196e-16
2174 0.0941121 0.0941121 -2.9492e-16
2175 0.100246 0.100246 0
2176 0.105526 0.105526 0
2177 0.109904 0.109904 0
2178 0.105526 0.105526 0
2179 0.109904 0.109904 0
2180 0.113344 0.113344 -2.44878e-16
2181 0.11581 0.11581 -1.19832e-16
2182 0.117274 0.117274 -1.18336e-16
2183 0.117715 0.117715 0
2184 0.117274 0.117274 -1.18336e-16
2185 0.117715 0.117715 0
2186 0.117119 0.117119 -1.18493e-16
2187 0.115478 0.115478 -1.20177e-16
2188 0.112789 0.112789 0
2189 0.109061 0.109061 1.27247e-16
2190 0.112789 0.112789 0
2191 0.109061 0.109061 1.27247e-16
2192 0.104312 0.104312 1.33041e-16
2193 0.0985655 0.0985655 1.40798e-16
2194 0.0918581 0.0918581 0
2195 0.0842377 0.0842377 0
2196 0.0918581 0.0918581 0
2197 0.0842377 0.0842377 0
2198 0.075765 0.075765 1.83169e-16
2199 0.0665103 0.0665103 2.08656e-16
2200 0.0565574 0.0565574 1.22688e-16
2201 0.0460015 0.0460015 0
2202 0.0565574 0.0565574 1.22688e-16
2203 0.0460015 0.0460015 0
2204 0.0349494 0.0349494 0
2205 0.0235158 0.0235158 0
2206 0.0118233 0.0118233 -1.46721e-16
2207 0 0 -nan
2208 0 0 -nan
2209 0.00542883 0.00542883 -3.19539e-16
2210 0.0108103 0.0108103 -1.60469e-16
2211 0.0160975 0.0160975 -2.15527e-16
2212 0.0212445 0.0212445 -1.6331e-16
2213 0.026207 0.026207 -2.64772e-16
2214 0.0212445 0.0212445 -1.6331e-16
2215 0.026207 0.026207 -2.64772e-16
2216 0.030943 0.030943 -2.24248e-16
2217 0.0354119 0.0354119 0
2218 0.0395763 0.0395763 -1.7533e-16
2219 0.0434012 0.0434012 0
2220 0.0395763 0.0395763 -1.7533e-16
2221 0.0434012 0.0434012 0
2222 0.0468556 0.0468556 -1.48091e-16
2223 0.0499098 0.0499098 0
2224 0.0525381 0.0525381 0
2225 0.0547174 0.0547174 0
2226 0.0525381 0.0525381 0
2227 0.0547174 0.0547174 0
2228 0.056429 0.056429 -2.45934e-16
2229 0.0576549 0.0576549 0
2230 0.0583816 0.0583816 0
2231 0.0585984 0.0585984 0
2232 0.0583816 0.0583816 0
2233 0.0585984 0.0585984 0
2234 0.0582987 0.0582987 -2.38046e-16
2235 0.0574778 0.0574778 0
2236 0.0561355 0.0561355 0
2237 0.0542758 0.0542758 0
2238 0.0561355 0.0561355 0
2239 0.0542758 0.0542758 0
2240 0.0519077 0.0519077 2.67355e-16
2241 0.0490436 0.0490436 1.41484e-16
2242 0.0457019 0.0457019 0
2243 0.0419067 0.0419067 0
2244 0.0457019 0.0457019 0
2245 0.0419067 0.0419067 0
2246 0.0376882 0.0376882 1.84113e-16
2247 0.0330818 0.0330818 2.0975e-16
2248 0.0281291 0.0281291 2.4668e-16
2249 0.0228775 0.0228775 3.03306e-16
2250 0.0281291 0.0281291 2.4668e-16
2251 0.0228775 0.0228775 3.03306e-16
2252 0.0173801 0.0173801 1.99621e-16
2253 0.0116938 0.0116938 1.48346e-16
2254 0.00587927 0.00587927 0
2255 0 0 -nan
2256 0 0 -nan
2257 0 0 -nan
2258 0 0 -nan
2259 0 0 -nan
2260 0 0 -nan
2261 0 0 -nan
2262 0 0 -nan
2263 0 0 -nan
2264 0 0 -nan
2265 0 0 -nan
2266 0 0 -nan
2267 0 0 -nan
2268 0 0 -nan
2269 0 0 -nan
2270 0 0 -nan
2271 0 0 -nan
2272 0 0 -nan
2273 0 0 -nan
2274 0 0 -nan
2275 0 0 -nan
2276 0 0 -nan
2277 0 0 -nan
2278 0 0 -nan
2279 0 0 -nan
2280 0 0 -nan
2281 0 0 -nan
2282 0 0 -nan
2283 0 0 -nan
2284 0 0 -nan
2285 0 0 -nan
2286 0 0 -nan
2287 0 0 -nan
2288 0 0 -nan
2289 0 0 -nan
2290 0 0 -nan
2291 0 0 -nan
2292 0 0 -nan
2293 0 0 -nan
2294 0 0 -nan
2295 0 0 -nan
2296 0 0 -nan
2297 0 0 -nan
2298 0 0 -nan
2299 0 0 -nan
2300 0 0 -nan
2301 0 0 -nan
2302 0 0 -nan
2303 0 0 -nan
