5
5
5
5
5
5
5
5
5
5
5
5
5
5
5
5
5
5
5
5
5
5
5
5
5
5
5
5
5
5
5
5
5
5
5
5
5
5
5
5
5
5
5
5
5
5
5
5
0
2.50245
3.49328
3.96085
4.21845
4.37891
4.21845
4.37891
4.48864
4.5693
4.63218
4.68381
4.63218
4.68381
4.72827
4.76841
4.80638
4.84402
4.80638
4.84402
4.88306
4.92534
4.97299
5.02866
4.97299
5.02866
5.09578
5.17906
5.28504
5.42312
5.28504
5.42312
5.60699
5.85708
6.20417
6.69516
6.20417
6.69516
7.40147
8.43016
9.93466
12.1148
9.93466
12.1148
15.1923
19.4495
26.3062
47
0
1.51653
2.50981
3.13169
3.53405
3.80855
3.53405
3.80855
4.00636
4.15638
4.27564
4.37477
4.27564
4.37477
4.46086
4.53898
4.6131
4.68663
4.6131
4.68663
4.76288
4.84532
4.93798
5.04585
4.93798
5.04585
5.17542
5.33542
5.538
5.80043
5.538
5.80043
6.14778
6.61716
7.26445
8.175
7.26445
8.175
9.48056
11.3845
14.1937
18.3322
14.1937
18.3322
24.2048
31.2998
33.7751
0
0
1.05387
1.89774
2.52204
2.9775
3.31489
2.9775
3.31489
3.57188
3.77421
3.93921
4.07879
3.93921
4.07879
4.20143
4.31357
4.4204
4.52655
4.4204
4.52655
4.63651
4.75507
4.88776
5.04136
4.88776
5.04136
5.22462
5.44921
5.73112
6.09283
5.73112
6.09283
6.56654
7.19935
8.06146
9.25983
8.06146
9.25983
10.9613
13.4336
17.1235
22.8155
17.1235
22.8155
31.9949
47.7695
77.4946
141
0
0.801226
1.50522
2.08123
2.53903
2.90163
2.53903
2.90163
3.19207
3.42938
3.62822
3.79974
3.62822
3.79974
3.95252
4.09346
4.22839
4.36266
4.22839
4.36266
4.50155
4.6507
4.81663
5.00721
4.81663
5.00721
5.23251
5.50567
5.84444
6.27322
5.84444
6.27322
6.82622
7.55223
8.52223
9.8416
8.52223
9.8416
11.6711
14.2652
18.051
23.8115
18.051
23.8115
33.1898
50.289
87.4336
188
0
0.645807
1.24071
1.75862
2.19578
2.56052
2.19578
2.56052
2.86539
3.12302
3.34456
3.53942
3.34456
3.53943
3.71546
3.87936
4.03706
4.19417
4.03706
4.19417
4.35633
4.52958
4.72084
4.93837
4.72084
4.93838
5.19253
5.49654
5.86777
6.32941
5.86777
6.32941
6.91288
7.66114
8.63364
9.91326
8.63364
9.91326
11.6162
13.9053
17.0038
21.1897
17.0038
21.1897
26.6638
32.7629
33.9509
0
0
0.801226
1.50522
2.08123
2.53903
2.90163
2.53903
2.90163
3.19207
3.42938
3.62822
3.79973
3.62822
3.79974
3.95252
4.09346
4.22839
4.36266
4.22839
4.36266
4.50155
4.6507
4.81663
5.00721
4.81663
5.00721
5.23251
5.50567
5.84444
6.27322
5.84444
6.27322
6.82622
7.55223
8.52223
9.8416
8.52223
9.8416
11.6711
14.2652
18.051
23.8115
18.051
23.8115
33.1898
50.289
87.4336
188
0
0.645807
1.24071
1.75862
2.19578
2.56052
2.19578
2.56052
2.86539
3.12302
3.34456
3.53943
3.34456
3.53943
3.71546
3.87936
4.03706
4.19417
4.03706
4.19417
4.35633
4.52958
4.72084
4.93838
4.72084
4.93838
5.19253
5.49654
5.86777
6.32941
5.86777
6.32941
6.91288
7.66114
8.63364
9.91326
8.63364
9.91326
11.6162
13.9053
17.0038
21.1897
17.0038
21.1897
26.6638
32.7629
33.9509
0
0
0.541293
1.0532
1.51676
1.92494
2.27931
1.92494
2.27931
2.58597
2.85274
3.0876
3.29796
3.0876
3.29796
3.49056
3.67146
3.84633
4.02065
3.84633
4.02065
4.20003
4.39047
4.59878
4.83295
4.59878
4.83295
5.10272
5.42019
5.80069
6.26381
5.80069
6.26381
6.83475
7.54581
8.43793
9.5616
8.43793
9.5616
10.9752
12.7359
14.8691
17.2798
14.8691
17.2798
19.5126
20.1481
15.6072
0
0
0.466162
0.914055
1.33027
1.70793
2.04581
1.70793
2.04581
2.34643
2.61439
2.85513
3.07428
2.85513
3.07428
3.27735
3.46961
3.65616
3.8421
3.65616
3.8421
4.03267
4.2335
4.45086
4.69194
4.45086
4.69194
4.96522
5.28083
5.65099
6.0904
5.65099
6.0904
6.61653
7.24943
8.01067
8.91999
8.01067
8.91999
9.98721
11.1942
12.4567
13.5478
12.4567
13.5478
13.9588
12.7095
8.32994
0
0
0.409303
0.806589
1.18233
1.53072
1.84958
1.53072
1.84958
2.13958
2.40326
2.64425
2.86671
2.64425
2.86671
3.07498
3.27347
3.46662
3.65892
3.46662
3.65892
3.85507
4.06003
4.27924
4.51875
4.27924
4.51875
4.7854
5.08693
5.43205
5.8303
5.43205
5.8303
6.29153
6.82472
7.43536
8.12049
7.43536
8.12049
8.8594
9.59696
10.216
10.4957
10.216
10.4957
10.0655
8.40107
5.00305
0
0
0.364462
0.720671
1.06175
1.38303
1.68221
1.38303
1.68221
1.95905
2.21484
2.45193
2.67332
2.45193
2.67333
2.88239
3.08269
3.27793
3.47192
3.27793
3.47193
3.66867
3.87232
4.08733
4.31842
4.08733
4.31843
4.57071
4.84945
5.16
5.50721
5.16
5.50722
5.89461
6.32257
6.78555
7.26723
6.78555
7.26724
7.73293
8.11828
8.31444
8.15345
8.31444
8.15345
7.40654
5.82621
3.2812
0
0
0.409303
0.806589
1.18233
1.53072
1.84957
1.53072
1.84958
2.13958
2.40326
2.64425
2.8667
2.64425
2.86671
3.07498
3.27347
3.46662
3.65892
3.46662
3.65892
3.85507
4.06003
4.27924
4.51874
4.27924
4.51875
4.7854
5.08693
5.43205
5.83029
5.43205
5.8303
6.29153
6.82472
7.43536
8.12049
7.43536
8.12049
8.8594
9.59696
10.216
10.4957
10.216
10.4957
10.0655
8.40107
5.00305
0
0
0.364462
0.720671
1.06175
1.38303
1.68221
1.38303
1.68221
1.95905
2.21484
2.45193
2.67333
2.45193
2.67333
2.88239
3.08269
3.27793
3.47193
3.27793
3.47193
3.66867
3.87232
4.08733
4.31843
4.08733
4.31843
4.57071
4.84945
5.16
5.50722
5.16
5.50722
5.89461
6.32257
6.78555
7.26724
6.78555
7.26724
7.73293
8.11828
8.31444
8.15345
8.31444
8.15345
7.40654
5.82621
3.2812
0
0
0.327876
0.649888
0.96098
1.25746
1.53721
1.25746
1.53721
1.79958
2.04512
2.27532
2.4923
2.27532
2.4923
2.69859
2.897
3.0905
3.28222
3.0905
3.28222
3.47538
3.67329
3.87934
4.09698
3.87934
4.09698
4.32957
4.5802
4.8513
5.14401
4.8513
5.14401
5.45713
5.78541
6.11706
6.43
6.11706
6.43
6.68684
6.82879
6.7701
6.39716
6.7701
6.39716
5.58096
4.21604
2.29553
0
0
0.297157
0.590027
0.874823
1.14863
1.4096
1.14863
1.4096
1.65694
1.89076
2.11195
2.32197
2.11195
2.32197
2.52269
2.71622
2.90488
3.0911
2.90488
3.0911
3.27736
3.46612
3.65979
3.86059
3.65979
3.86059
4.07041
4.29049
4.521
4.76041
4.521
4.76041
5.00449
5.2449
5.46729
5.64887
5.46729
5.64887
5.75564
5.73995
5.54002
5.08414
5.54002
5.08414
4.30411
3.16148
1.68486
0
0
0.270729
0.538245
0.799656
1.05265
1.29565
1.05265
1.29565
1.52782
1.74903
1.95976
2.16098
1.95976
2.16098
2.35398
2.54032
2.72172
2.89997
2.72172
2.89997
3.07685
3.25406
3.43312
3.61522
3.43312
3.61522
3.80102
3.99036
4.18182
4.37217
4.18182
4.37217
4.55555
4.72242
4.85834
4.94256
4.85834
4.94256
4.9469
4.83538
4.56588
4.09529
4.56588
4.09529
3.38986
2.44092
1.28244
0
0
0.247518
0.492571
0.73291
0.966681
1.19253
0.966681
1.19253
1.40966
1.61779
1.81712
2.0082
1.81712
2.00821
2.19194
2.36939
2.54174
2.71021
2.54174
2.71022
2.87602
3.04017
3.20343
3.36615
3.20343
3.36616
3.52812
3.68812
3.84377
3.99091
3.84377
3.99092
4.12312
4.23091
4.3011
4.31615
4.3011
4.31616
4.25404
4.0888
3.79284
3.34129
3.79284
3.34129
2.71911
1.92991
1.00397
0
0
0.270729
0.538245
0.799656
1.05265
1.29564
1.05265
1.29565
1.52782
1.74903
1.95976
2.16097
1.95976
2.16098
2.35398
2.54032
2.72172
2.89996
2.72172
2.89997
3.07685
3.25406
3.43312
3.61521
3.43312
3.61522
3.80102
3.99036
4.18182
4.37216
4.18182
4.37217
4.55555
4.72242
4.85834
4.94255
4.85834
4.94256
4.9469
4.83538
4.56588
4.09529
4.56588
4.09529
3.38986
2.44092
1.28244
0
0
0.247518
0.492571
0.73291
0.966681
1.19253
0.966681
1.19253
1.40966
1.61779
1.81712
2.00821
1.81712
2.00821
2.19194
2.36939
2.54174
2.71022
2.54174
2.71022
2.87602
3.04017
3.20343
3.36616
3.20343
3.36616
3.52812
3.68812
3.84377
3.99092
3.84377
3.99092
4.12312
4.23091
4.3011
4.31616
4.3011
4.31616
4.25404
4.0888
3.79284
3.34129
3.79284
3.34129
2.71911
1.92991
1.00397
0
0
0.226774
0.451617
0.672743
0.888641
1.09815
0.888641
1.09815
1.30053
1.49539
1.68272
1.86283
1.68272
1.86283
2.03622
2.20358
2.36565
2.52319
2.36565
2.52319
2.67688
2.82719
2.9743
3.11793
2.9743
3.11793
3.25718
3.39027
3.51424
3.62465
3.51424
3.62465
3.71514
3.77703
3.799
3.76696
3.799
3.76696
3.66431
3.47296
3.17539
2.75794
3.17539
2.75794
2.21537
1.55566
0.803533
0
0
0.207965
0.414384
0.617811
0.816993
1.01093
0.816993
1.01093
1.19891
1.38052
1.55558
1.72418
1.55558
1.72418
1.88655
2.04307
2.19411
2.34004
2.19411
2.34004
2.48114
2.61744
2.74866
2.8741
2.74866
2.8741
2.99244
3.10155
3.1983
3.27833
3.1983
3.27833
3.33577
3.36308
3.35094
3.28838
3.35094
3.28838
3.16328
2.96336
2.67782
2.29973
2.67782
2.29973
1.82877
1.27384
0.654499
0
0
0.190706
0.380147
0.56713
0.750599
0.929675
0.750599
0.929675
1.10369
1.27219
1.43492
1.59176
1.43492
1.59176
1.74277
1.88804
2.02768
2.16176
2.02768
2.16176
2.29022
2.41277
2.52883
2.6374
2.52883
2.6374
2.73694
2.8252
2.89911
2.95461
2.89911
2.95461
2.98656
2.9886
2.95331
2.87236
2.95331
2.87236
2.7371
2.53938
2.27282
1.9344
2.27282
1.9344
1.52613
1.05643
0.540623
0
0
0.174713
0.348372
0.519972
0.688604
0.853486
0.688604
0.853491
1.01401
1.16967
1.32014
1.4652
1.32014
1.46521
1.60475
1.73866
1.86685
1.98912
1.86685
1.98913
2.10523
2.21462
2.31652
2.40976
2.31652
2.40977
2.49274
2.56321
2.61833
2.65447
2.61833
2.65448
2.66725
2.65148
2.60134
2.51066
2.60134
2.51066
2.37339
2.18425
1.93969
1.63892
1.93969
1.63893
1.28493
0.88514
0.451562
0
0
0.190706
0.380147
0.56713
0.750599
0.92967
0.750599
0.929675
1.10369
1.27219
1.43492
1.59176
1.43492
1.59176
1.74277
1.88804
2.02768
2.16175
2.02768
2.16176
2.29022
2.41277
2.52883
2.63739
2.52883
2.6374
2.73694
2.8252
2.89911
2.9546
2.89911
2.95461
2.98656
2.9886
2.95331
2.87235
2.95331
2.87236
2.7371
2.53938
2.27282
1.9344
2.27282
1.9344
1.52613
1.05643
0.540623
0
0
0.174713
0.348372
0.519972
0.688604
0.853491
0.688604
0.853491
1.01401
1.16967
1.32014
1.46521
1.32014
1.46521
1.60475
1.73866
1.86685
1.98913
1.86685
1.98913
2.10523
2.21462
2.31652
2.40977
2.31652
2.40977
2.49274
2.56321
2.61833
2.65448
2.61833
2.65448
2.66725
2.65148
2.60134
2.51066
2.60134
2.51066
2.37339
2.18425
1.93969
1.63893
1.93969
1.63893
1.28493
0.88514
0.451562
0
0
0.159779
0.318663
0.47579
0.630368
0.781697
0.630368
0.781697
0.929187
1.07235
1.21079
1.34422
1.21079
1.34422
1.47238
1.59504
1.71193
1.82272
1.71193
1.82272
1.92696
2.02398
2.11289
2.19245
2.11289
2.19245
2.26105
2.31662
2.35656
2.37775
2.35656
2.37775
2.37653
2.34874
2.28993
2.19559
2.28993
2.19559
2.06156
1.88455
1.66279
1.3967
1.66279
1.3967
1.08953
0.74764
0.380486
0
0
0.145744
0.290715
0.434164
0.57539
0.713757
0.57539
0.713757
0.848708
0.979754
1.10648
1.22851
1.10648
1.22851
1.34554
1.4572
1.56314
1.6629
1.56314
1.6629
1.75593
1.84149
1.91862
1.98611
1.91862
1.98611
2.04242
2.08567
2.11357
2.12347
2.11357
2.12347
2.11238
2.07704
2.01407
1.92023
2.01407
1.92023
1.79273
1.62961
1.43021
1.19557
1.43021
1.19557
0.928847
0.635408
0.322742
0
0
0.132485
0.264294
0.394767
0.523278
0.649246
0.523278
0.649246
0.772146
0.891496
1.00686
1.11785
1.00686
1.11785
1.22406
1.3251
1.42053
1.50983
1.42053
1.50983
1.59239
1.66744
1.73402
1.79097
1.73402
1.79097
1.83689
1.87008
1.88858
1.8902
1.88858
1.8902
1.87251
1.83298
1.76909
1.67855
1.76909
1.67855
1.55954
1.41098
1.23286
1.02654
1.23286
1.02654
0.794886
0.542407
0.275073
0
0
0.119905
0.239213
0.357338
0.473717
0.587813
0.473717
0.587817
0.699145
0.807234
0.911647
1.01196
0.911647
1.01196
1.10778
1.19864
1.28407
1.36352
1.28407
1.36353
1.43639
1.50187
1.55907
1.60689
1.55907
1.6069
1.6441
1.66919
1.68051
1.67624
1.68051
1.67625
1.6545
1.61328
1.55077
1.46535
1.55077
1.46535
1.3559
1.2219
1.06374
0.882829
1.06374
0.882832
0.681758
0.464264
0.235146
0
0
0.132485
0.264294
0.394767
0.523278
0.649242
0.523278
0.649246
0.772146
0.891496
1.00686
1.11784
1.00686
1.11785
1.22406
1.3251
1.42053
1.50982
1.42053
1.50983
1.59239
1.66744
1.73402
1.79096
1.73402
1.79097
1.83689
1.87008
1.88858
1.89019
1.88858
1.8902
1.87251
1.83298
1.76909
1.67854
1.76909
1.67855
1.55954
1.41098
1.23286
1.02653
1.23286
1.02654
0.794886
0.542407
0.275073
0
0
0.119905
0.239213
0.357338
0.473717
0.587817
0.473717
0.587817
0.699145
0.807234
0.911647
1.01196
0.911647
1.01196
1.10778
1.19864
1.28407
1.36353
1.28407
1.36353
1.43639
1.50187
1.55907
1.6069
1.55907
1.6069
1.6441
1.66919
1.68051
1.67625
1.68051
1.67625
1.6545
1.61328
1.55077
1.46535
1.55077
1.46535
1.3559
1.2219
1.06374
0.882832
1.06374
0.882832
0.681758
0.464264
0.235146
0
0
0.107926
0.215322
0.321664
0.426444
0.529177
0.426444
0.529177
0.629399
0.726665
0.820545
0.910618
0.820545
0.910618
0.996463
1.07762
1.15361
1.22387
1.15361
1.22387
1.28779
1.34462
1.39351
1.43349
1.39351
1.43349
1.46344
1.48208
1.48804
1.47984
1.48804
1.47984
1.45596
1.41492
1.35537
1.27622
1.35537
1.27622
1.17681
1.05701
0.917376
0.759306
0.917376
0.759306
0.585058
0.397747
0.201247
0
0
0.0964799
0.192488
0.287556
0.381228
0.473058
0.381228
0.473058
0.56262
0.649492
0.733262
0.81352
0.733262
0.81352
0.889848
0.961797
1.02888
1.09058
1.02888
1.09058
1.14628
1.19531
1.23689
1.27014
1.23689
1.27014
1.2941
1.30769
1.30976
1.29912
1.30976
1.29912
1.2746
1.23507
1.17957
1.10738
1.17957
1.10738
1.01814
0.911944
0.789457
0.651966
0.789457
0.651966
0.501426
0.340422
0.172096
0
0
0.085508
0.170597
0.254851
0.337859
0.419219
0.337859
0.419219
0.49854
0.57543
0.649503
0.720368
0.649503
0.720368
0.787626
0.850846
0.90957
0.963296
0.90957
0.963296
1.01147
1.05347
1.08861
1.11611
1.08861
1.11611
1.13515
1.14482
1.14419
1.1323
1.14419
1.1323
1.10826
1.07121
1.02047
0.955594
1.02047
0.955594
0.876423
0.783183
0.676549
0.557684
0.676549
0.557684
0.428261
0.290421
0.146716
0
0
0.0749573
0.149545
0.223395
0.296143
0.367426
0.296143
0.367429
0.436899
0.504196
0.568964
0.630834
0.568964
0.63084
0.689453
0.744403
0.795267
0.841576
0.795267
0.841583
0.882853
0.918519
0.947973
0.97055
0.947973
0.970557
0.985572
0.992267
0.989885
0.977667
0.989885
0.977673
0.954934
0.921045
0.875531
0.818112
0.875531
0.818116
0.748785
0.667823
0.575876
0.473966
0.575876
0.473969
0.363516
0.246285
0.124348
0
0
0.085508
0.170597
0.254851
0.337859
0.419216
0.337859
0.419219
0.49854
0.57543
0.649503
0.720362
0.649503
0.720368
0.787626
0.850846
0.90957
0.963289
0.90957
0.963296
1.01147
1.05347
1.08861
1.1161
1.08861
1.11611
1.13515
1.14482
1.14419
1.1323
1.14419
1.1323
1.10826
1.07121
1.02047
0.955589
1.02047
0.955594
0.876423
0.783183
0.676549
0.557682
0.676549
0.557684
0.428261
0.290421
0.146716
0
0
0.0749573
0.149545
0.223395
0.296143
0.367429
0.296143
0.367429
0.436899
0.504196
0.568964
0.63084
0.568964
0.63084
0.689453
0.744403
0.795267
0.841583
0.795267
0.841583
0.882853
0.918519
0.947973
0.970557
0.947973
0.970557
0.985572
0.992267
0.989885
0.977673
0.989885
0.977673
0.954934
0.921045
0.875531
0.818116
0.875531
0.818116
0.748785
0.667823
0.575876
0.473969
0.575876
0.473969
0.363516
0.246285
0.124348
0
0
0.0647786
0.129235
0.193049
0.255899
0.317468
0.255899
0.317468
0.377443
0.435504
0.49133
0.544594
0.49133
0.544594
0.59496
0.642066
0.685529
0.72494
0.685529
0.72494
0.759857
0.789794
0.814228
0.832603
0.814228
0.832603
0.844335
0.848814
0.845429
0.833594
0.845429
0.833594
0.812776
0.782521
0.742505
0.692573
0.742505
0.692573
0.632789
0.563459
0.48517
0.398809
0.48517
0.398809
0.305556
0.206858
0.104393
0
0
0.0549237
0.109572
0.163669
0.21694
0.26911
0.21694
0.26911
0.319908
0.369053
0.416267
0.46126
0.416267
0.46126
0.503737
0.54338
0.579856
0.612806
0.579856
0.612806
0.641854
0.666582
0.686554
0.701307
0.686554
0.701307
0.710365
0.713234
0.709435
0.698511
0.709435
0.698511
0.680066
0.653767
0.619401
0.576894
0.619401
0.576894
0.526347
0.468057
0.402542
0.330546
0.402542
0.330546
0.253042
0.171201
0.0863648
0
0
0.0453457
0.0904618
0.135118
0.179085
0.222132
0.179085
0.222132
0.264029
0.304542
0.343432
0.380454
0.343432
0.380454
0.415357
0.447872
0.477716
0.50459
0.477716
0.50459
0.528178
0.548138
0.56411
0.575721
0.56411
0.575721
0.582591
0.584333
0.580572
0.570965
0.580572
0.570965
0.555215
0.533089
0.504446
0.469262
0.504446
0.469262
0.427654
0.379886
0.326397
0.267797
0.326397
0.267797
0.204868
0.138538
0.0698666
0
0
0.0359987
0.0718134
0.10726
0.142153
0.176307
0.142153
0.176309
0.209541
0.241659
0.27247
0.301773
0.27247
0.301775
0.329372
0.35504
0.378553
0.399667
0.378553
0.39967
0.418139
0.433688
0.446034
0.454884
0.446034
0.454887
0.459955
0.460941
0.457565
0.449568
0.457565
0.449571
0.436748
0.418933
0.396037
0.368062
0.396037
0.368064
0.335124
0.297441
0.255367
0.209381
0.255367
0.209383
0.160095
0.10822
0.0545635
0
0
0.0453457
0.0904618
0.135118
0.179085
0.22213
0.179085
0.222132
0.264029
0.304542
0.343432
0.38045
0.343432
0.380454
0.415357
0.447872
0.477716
0.504585
0.477716
0.50459
0.528178
0.548138
0.56411
0.575716
0.56411
0.575721
0.582591
0.584333
0.580572
0.570961
0.580572
0.570965
0.555215
0.533089
0.504446
0.469259
0.504446
0.469262
0.427654
0.379886
0.326397
0.267796
0.326397
0.267797
0.204868
0.138538
0.0698666
0
0
0.0359987
0.0718134
0.10726
0.142153
0.176309
0.142153
0.176309
0.209541
0.241659
0.27247
0.301775
0.27247
0.301775
0.329372
0.35504
0.378553
0.39967
0.378553
0.39967
0.418139
0.433688
0.446034
0.454887
0.446034
0.454887
0.459955
0.460941
0.457565
0.449571
0.457565
0.449571
0.436748
0.418933
0.396037
0.368064
0.396037
0.368064
0.335124
0.297441
0.255367
0.209383
0.255367
0.209383
0.160095
0.10822
0.0545635
0
0
0.026837
0.0535358
0.079958
0.105965
0.131416
0.105965
0.131416
0.156172
0.18009
0.203021
0.224818
0.203021
0.224818
0.245323
0.264374
0.281797
0.297413
0.281797
0.297413
0.311031
0.322451
0.331463
0.337854
0.331463
0.337854
0.341411
0.341921
0.339184
0.33302
0.339184
0.33302
0.323283
0.309865
0.292714
0.271843
0.292714
0.271843
0.247344
0.219392
0.18825
0.154276
0.18825
0.154276
0.117914
0.0796829
0.0401683
0
0
0.0178141
0.035536
0.0530732
0.0703329
0.0872216
0.0703329
0.0872216
0.103646
0.119509
0.134712
0.149155
0.134712
0.149155
0.162734
0.175339
0.186854
0.197158
0.186854
0.197158
0.206127
0.213625
0.219517
0.223661
0.219517
0.223661
0.225919
0.226153
0.224233
0.220047
0.224233
0.220047
0.213503
0.204535
0.193113
0.179253
0.193113
0.179253
0.163021
0.144533
0.123968
0.101561
0.123968
0.101561
0.0776018
0.0524305
0.026427
0
0
0.0088839
0.0177217
0.026467
0.0350734
0.043494
0.0350734
0.043494
0.051682
0.0595888
0.0671651
0.0743604
0.0671651
0.0743604
0.0811225
0.0873959
0.0931231
0.0982436
0.0931231
0.0982436
0.102695
0.10641
0.109321
0.111359
0.109321
0.111359
0.112454
0.112539
0.111552
0.109437
0.111552
0.109437
0.10615
0.101659
0.0959528
0.0890396
0.0959528
0.0890396
0.0809535
0.0717542
0.0615301
0.0503982
0.0615301
0.0503982
0.0385026
0.0260106
0.0131094
0
0
0
0
0
0
0
0
0
0
0
0
0
0
0
0
0
0
0
0
0
0
0
0
0
0
0
0
0
0
0
0
0
0
0
0
0
0
0
0
0
0
0
0
0
0
0
0
0
